(OrderedDict([('features.0.weight', tensor([[[[ 3.7043e-02, -6.9369e-02,  4.6472e-02],
          [ 3.1006e-02, -5.3775e-03, -4.0989e-02],
          [-8.0775e-02, -3.0689e-02, -2.2489e-02]],

         [[-2.5940e-02, -1.4664e-01,  6.4606e-02],
          [-1.0435e-01,  1.9047e-02, -1.2799e-01],
          [-5.3896e-02, -5.4000e-02, -1.0866e-01]],

         [[ 2.0003e-02, -1.7237e-01,  1.1424e-01],
          [ 7.0616e-03, -8.0394e-02,  9.1007e-02],
          [-1.6275e-02, -1.9116e-01, -1.3128e-02]]],


        [[[-1.8202e-01, -4.9348e-02, -3.5539e-02],
          [-1.2969e-01, -5.4672e-02,  7.8592e-02],
          [ 1.4681e-02,  1.0284e-01,  1.7747e-01]],

         [[ 1.2494e-01,  8.4773e-03,  5.8310e-02],
          [ 2.7386e-04,  1.1101e-01, -5.9869e-03],
          [ 1.0653e-01, -3.3800e-02,  2.6407e-03]],

         [[-6.6547e-02,  4.8148e-02,  5.6944e-02],
          [ 1.4203e-01,  1.6562e-03,  2.3797e-03],
          [-4.4778e-02,  9.3984e-03, -1.3359e-01]]],


        [[[-8.6113e-02, -2.6018e-01, -3.4430e-02],
          [ 1.2449e-01, -4.8627e-02,  4.7922e-02],
          [-1.3157e-02,  1.9399e-01,  1.0209e-01]],

         [[-1.3303e-01, -1.0112e-01, -1.7076e-01],
          [-6.7358e-03, -6.1276e-02, -1.1037e-01],
          [ 2.4703e-01,  1.7230e-01,  4.5043e-02]],

         [[-3.9661e-02,  6.9476e-02, -8.0432e-02],
          [-3.5152e-02, -5.9747e-02,  7.8697e-02],
          [ 4.5731e-02, -3.9128e-02,  6.5837e-02]]],


        [[[-1.8443e-01, -3.4488e-02, -1.8173e-01],
          [-2.1523e-02,  3.7359e-02, -8.1114e-02],
          [ 5.5802e-02, -1.7252e-01, -2.2949e-02]],

         [[-1.5887e-02, -3.9464e-02, -1.4613e-02],
          [-5.8686e-03,  9.7928e-02,  1.0162e-01],
          [ 2.1814e-02,  6.6959e-02, -5.5292e-03]],

         [[ 1.6682e-01,  7.6672e-02, -3.0170e-03],
          [ 1.4317e-01,  5.1291e-02,  9.2503e-02],
          [-3.6468e-02,  4.0907e-02,  1.1209e-01]]],


        [[[ 3.2445e-01, -1.4705e-01,  1.5901e-02],
          [-5.2335e-02, -1.3475e-01,  2.2229e-01],
          [-6.4238e-02,  5.3242e-02, -2.1117e-01]],

         [[ 1.4180e-01, -2.3419e-01,  9.8771e-02],
          [-7.4927e-02, -1.8488e-01,  1.0955e-01],
          [-4.8585e-02,  1.7674e-01, -3.9748e-02]],

         [[ 2.6045e-02, -2.1342e-01,  1.0301e-01],
          [ 2.9900e-02, -9.1884e-03,  1.9097e-01],
          [-1.4557e-01,  2.6653e-01, -1.5307e-01]]],


        [[[-1.8444e-01, -4.7833e-02,  1.2462e-02],
          [-2.1747e-01,  1.1301e-03, -1.7109e-02],
          [-1.0537e-02, -1.6725e-01,  3.6973e-03]],

         [[ 5.0349e-02, -1.4539e-01, -1.2707e-01],
          [ 1.4700e-01, -8.9246e-02,  1.7677e-02],
          [-7.7344e-02,  1.1708e-03, -6.3487e-02]],

         [[ 2.0022e-02,  8.8064e-03,  1.7224e-02],
          [ 2.8448e-01,  1.7904e-01,  1.4065e-01],
          [ 1.4220e-01,  6.6882e-02,  8.1002e-02]]],


        [[[ 6.9213e-03,  2.0433e-02, -4.4113e-02],
          [ 5.2490e-02,  4.3664e-02, -4.4261e-03],
          [ 7.9431e-02, -1.3557e-02,  1.4604e-01]],

         [[-1.0144e-01, -3.9836e-02, -5.0820e-02],
          [-9.0424e-02, -1.5752e-01, -2.0526e-01],
          [-2.2207e-01, -1.3148e-01,  1.0227e-01]],

         [[ 1.1613e-01,  1.2521e-01,  5.8809e-02],
          [-9.2602e-03, -2.0284e-02, -6.9326e-04],
          [-8.2459e-02, -8.4971e-02,  2.1582e-02]]],


        [[[ 5.3228e-02, -3.6590e-02,  1.2814e-01],
          [ 9.0891e-03,  1.2811e-01,  7.2887e-02],
          [ 1.1896e-01, -5.2500e-02, -1.3744e-01]],

         [[ 2.0408e-02, -1.9887e-01, -8.7512e-02],
          [-6.1139e-02, -1.5571e-01, -2.2709e-01],
          [ 1.5023e-01, -2.0156e-02, -1.1517e-01]],

         [[-1.3641e-01, -1.3466e-02,  1.5117e-01],
          [ 1.1901e-02,  2.0667e-02, -7.5430e-02],
          [ 6.1266e-02, -5.5376e-03, -1.2505e-02]]],


        [[[-2.0445e-01, -8.5225e-03,  6.5284e-02],
          [-6.0447e-02, -4.9468e-02,  8.2463e-02],
          [ 7.2735e-02,  7.6468e-02, -6.9989e-02]],

         [[-3.7096e-02, -1.7299e-01,  1.2003e-01],
          [-8.7499e-02, -1.5597e-02, -3.2275e-02],
          [ 1.8461e-02,  1.6847e-01,  3.3662e-02]],

         [[-1.6255e-01, -5.8468e-02, -2.2715e-02],
          [-5.2967e-02,  3.1879e-02,  4.2601e-02],
          [-1.4380e-02,  1.5680e-02, -2.9593e-02]]],


        [[[ 1.5718e-01,  2.5896e-01,  1.0787e-01],
          [ 1.5838e-01,  5.0410e-02,  1.7426e-01],
          [-2.9482e-02,  8.8701e-02, -2.6789e-02]],

         [[ 5.4010e-03, -8.7603e-02, -1.1415e-01],
          [-3.3871e-02,  2.8826e-02,  3.7592e-02],
          [-1.7853e-01, -1.5993e-01, -1.4875e-01]],

         [[-4.0642e-02, -8.9767e-02,  1.5633e-02],
          [-3.7874e-02, -5.5981e-02, -1.3539e-01],
          [ 1.9026e-01,  1.0935e-02,  4.3020e-02]]],


        [[[-1.1845e-01,  3.6435e-02,  7.4139e-02],
          [-3.7368e-02, -6.9471e-02,  1.0379e-01],
          [ 1.3532e-02, -7.8756e-02,  1.7896e-01]],

         [[ 1.1124e-01, -2.1136e-01, -1.3696e-01],
          [ 8.9471e-02, -1.8487e-02, -6.9883e-02],
          [-1.1117e-01,  1.5490e-01,  1.2113e-01]],

         [[-8.5562e-02, -1.5892e-01,  9.6329e-02],
          [-4.6024e-02,  2.6911e-02,  1.3899e-01],
          [-1.6152e-01, -5.2621e-02, -5.4175e-03]]],


        [[[-5.8412e-02,  7.4888e-02,  1.7260e-02],
          [ 2.5189e-02,  9.4048e-02,  9.3506e-02],
          [ 5.3275e-02, -2.7897e-02,  5.5999e-02]],

         [[-1.0848e-01, -1.7154e-03, -5.4121e-02],
          [ 4.2990e-02, -6.2278e-02, -1.6120e-02],
          [-2.5054e-02,  1.5202e-03, -1.0979e-01]],

         [[ 4.2929e-02,  5.3715e-02,  1.5794e-01],
          [ 1.1603e-01, -5.0090e-02,  2.5539e-02],
          [ 8.5651e-02,  2.2824e-01, -9.1673e-02]]],


        [[[ 3.0310e-02,  6.8107e-02, -2.3354e-02],
          [-1.2616e-01, -6.8459e-02, -4.0868e-03],
          [-6.5837e-02,  7.1645e-02, -1.1948e-02]],

         [[ 3.6919e-02,  7.0473e-02,  5.3853e-02],
          [-1.3703e-01, -1.5268e-01, -1.2781e-02],
          [-7.3867e-02, -3.2639e-02,  2.6852e-02]],

         [[ 3.6838e-02,  1.8828e-01, -6.5930e-02],
          [-1.4627e-01, -4.5097e-02, -1.4049e-01],
          [-8.1759e-02, -5.0383e-02, -1.5022e-01]]],


        [[[ 3.2509e-02,  1.6664e-01,  1.1259e-01],
          [-5.1835e-02, -7.9193e-02,  4.1901e-02],
          [-8.6391e-02, -2.0966e-01, -5.0453e-03]],

         [[ 1.4961e-01,  1.2510e-01, -8.9880e-02],
          [ 1.2482e-01,  1.9975e-02, -6.7443e-02],
          [-2.6392e-01, -1.4978e-01,  1.4188e-03]],

         [[ 1.6619e-01, -5.8530e-03,  7.0140e-02],
          [-9.7701e-03,  1.9502e-02, -1.4154e-01],
          [-5.5898e-02, -5.8475e-02,  5.3499e-02]]],


        [[[ 3.0082e-03,  6.4394e-02,  2.0512e-01],
          [-8.7143e-02, -6.1216e-02,  1.8476e-01],
          [-1.1817e-01, -4.3733e-02, -1.6508e-01]],

         [[-1.1289e-01,  1.1024e-01,  4.0944e-02],
          [-9.1512e-02,  4.2628e-02,  1.5171e-02],
          [-1.4124e-01, -9.5016e-02, -7.8033e-03]],

         [[ 1.3569e-01,  6.5632e-02,  9.5191e-02],
          [ 1.4349e-02, -4.2865e-02,  4.2422e-02],
          [-9.4970e-03, -1.5335e-01,  7.0773e-02]]],


        [[[ 7.7134e-02,  5.5659e-02, -6.6567e-02],
          [-3.9479e-02, -4.5033e-02,  2.9101e-02],
          [-4.2507e-02, -3.5700e-02,  8.6180e-02]],

         [[ 1.4474e-01,  2.2318e-01, -1.2309e-01],
          [ 1.6687e-02,  1.4477e-01,  5.6248e-02],
          [-6.1320e-02,  9.6537e-02,  2.1848e-01]],

         [[-4.2008e-02, -1.0008e-01, -1.1738e-01],
          [-5.4835e-02, -1.7601e-01, -8.9950e-02],
          [-1.0696e-01, -1.6627e-01, -2.8844e-02]]],


        [[[-1.4425e-01, -1.7668e-01,  9.4977e-02],
          [ 5.3920e-02, -2.2585e-02,  1.0561e-02],
          [ 1.5304e-01,  3.1085e-02,  2.4615e-03]],

         [[ 3.2696e-02, -1.5335e-01, -1.6925e-01],
          [ 1.8714e-02,  3.6213e-02, -3.2146e-03],
          [ 2.5600e-02,  1.7220e-01,  2.4616e-02]],

         [[-3.5288e-02, -7.5151e-02,  1.2961e-01],
          [-6.7215e-02,  2.0941e-02, -1.9438e-01],
          [-4.0509e-02,  1.2944e-01,  2.9735e-02]]],


        [[[-2.4111e-01, -8.1824e-02,  1.4732e-01],
          [ 4.4358e-03,  7.4214e-02, -5.9480e-02],
          [ 3.9388e-02,  5.4309e-02,  2.2516e-02]],

         [[-2.3548e-02,  2.4097e-03, -8.9082e-02],
          [-1.0369e-01, -1.1638e-01,  3.8862e-02],
          [-6.9656e-02, -1.5344e-01, -5.9048e-02]],

         [[-3.2063e-02,  1.9293e-01,  7.8314e-02],
          [-6.5118e-02, -4.7596e-02,  3.3495e-02],
          [-6.4052e-02,  7.6192e-03,  1.1330e-01]]],


        [[[-1.1052e-01, -1.2652e-02,  2.0216e-01],
          [-1.6336e-02,  1.7164e-02,  8.0068e-02],
          [-3.6861e-02, -1.0945e-02, -2.2322e-02]],

         [[-2.9809e-01, -7.7130e-02,  1.7253e-01],
          [-9.2676e-02, -4.4311e-02,  1.2414e-01],
          [-1.7829e-01,  8.4702e-02,  1.5032e-02]],

         [[-1.0187e-01, -1.0022e-02,  2.8770e-01],
          [-1.8050e-01, -1.2013e-01,  1.7213e-01],
          [-1.5272e-02,  4.7353e-02,  2.1852e-03]]],


        [[[ 8.4747e-02, -1.0632e-01,  1.1502e-01],
          [ 4.6592e-02, -1.5991e-01,  5.6603e-02],
          [ 7.5174e-02, -1.1489e-01,  4.8051e-02]],

         [[-1.7155e-02, -1.3236e-01,  9.8942e-02],
          [-2.7591e-02, -1.3628e-02,  9.2311e-02],
          [ 6.5499e-02, -2.1225e-01, -6.4919e-02]],

         [[ 7.6189e-02, -1.7092e-02,  1.2066e-01],
          [ 2.4603e-01,  6.3033e-02,  7.6443e-02],
          [ 7.6762e-02, -7.5912e-02,  7.1878e-04]]],


        [[[ 6.9491e-02, -1.2812e-01,  1.1982e-01],
          [ 1.7462e-01,  3.3074e-02, -1.2674e-01],
          [ 8.9004e-02, -8.4887e-02,  1.0964e-01]],

         [[ 3.1169e-03, -8.7541e-02,  1.1614e-01],
          [ 7.8225e-02,  8.8916e-02,  7.9257e-03],
          [-2.0658e-02, -2.2179e-01,  9.6378e-02]],

         [[-2.4774e-02,  3.8108e-02,  1.1143e-01],
          [ 1.5639e-01, -8.7245e-02, -1.3758e-02],
          [ 4.1938e-02, -7.1814e-02,  1.0475e-01]]],


        [[[-7.7328e-02,  4.6305e-02,  1.6492e-01],
          [ 3.8376e-02,  5.4961e-02,  1.1630e-01],
          [ 6.2170e-02,  6.8661e-03,  6.8235e-02]],

         [[ 9.8514e-02,  8.3519e-02,  6.9792e-02],
          [-4.7719e-02,  4.8533e-02,  2.1264e-02],
          [-1.5803e-01, -5.8462e-02, -5.2506e-02]],

         [[-1.4924e-02,  1.2168e-01,  7.5114e-02],
          [-2.3780e-02, -8.2884e-02, -3.6004e-02],
          [ 8.0675e-02, -8.9616e-03,  6.4653e-02]]],


        [[[ 2.2650e-01, -5.5987e-02, -6.3076e-02],
          [ 8.1032e-02,  7.3036e-02,  3.3895e-02],
          [ 1.9389e-02,  2.6093e-02,  3.0091e-02]],

         [[ 8.8185e-03, -7.7868e-02, -1.0269e-01],
          [-1.2319e-02, -1.3939e-01, -1.4436e-01],
          [ 1.5008e-01, -3.5472e-02, -2.0297e-01]],

         [[ 7.2253e-02, -4.5324e-02, -1.2832e-01],
          [ 1.4915e-01,  4.5292e-02, -1.3401e-01],
          [ 7.3793e-02,  5.7049e-02, -1.7387e-02]]],


        [[[ 6.0467e-02,  1.2233e-01, -1.2911e-02],
          [ 3.3089e-02,  8.8980e-03,  6.1302e-02],
          [ 4.6712e-02,  1.3250e-01,  7.5443e-02]],

         [[-7.8039e-02,  1.1269e-01, -6.0070e-02],
          [-3.2586e-03,  1.2573e-01,  2.9863e-02],
          [ 8.2859e-02,  5.5362e-03,  8.3519e-02]],

         [[-4.5189e-02, -1.5140e-02,  1.2814e-02],
          [ 1.1847e-01, -7.1335e-02, -3.4925e-02],
          [-6.3123e-02,  1.5870e-04, -3.2943e-02]]],


        [[[ 1.9272e-01,  7.3519e-02, -6.6299e-02],
          [ 5.2836e-04, -1.2827e-02, -1.4925e-02],
          [ 6.3767e-02, -1.1163e-01,  1.7594e-03]],

         [[-1.8579e-02,  2.0140e-02,  4.2926e-02],
          [ 6.0538e-02, -4.6917e-02,  4.7111e-02],
          [-4.6454e-02,  1.0302e-01, -1.0033e-01]],

         [[ 3.3050e-02,  4.3773e-02,  1.1384e-01],
          [ 7.6344e-02,  1.4223e-01, -8.1508e-02],
          [ 9.4141e-02,  9.5649e-02,  1.1909e-01]]],


        [[[ 2.4542e-02, -7.3370e-02, -2.3787e-01],
          [-9.2256e-02,  4.4429e-02, -6.1613e-02],
          [ 4.6336e-02, -1.0237e-01, -2.7912e-02]],

         [[-4.9453e-02, -5.5381e-02,  1.6380e-02],
          [-1.3092e-01,  4.1290e-02,  1.2373e-02],
          [ 8.7662e-02,  2.9134e-03,  9.4027e-02]],

         [[-4.1248e-02, -7.8698e-02,  1.1035e-01],
          [ 6.2813e-02, -7.0969e-02,  2.0216e-02],
          [ 1.5516e-01,  1.6459e-01,  1.6547e-01]]],


        [[[-5.8858e-02,  7.2602e-02, -1.1913e-01],
          [-1.2760e-02, -1.1561e-01,  3.4232e-02],
          [-7.5399e-02, -9.9069e-02,  1.0860e-02]],

         [[-4.0186e-03, -8.1658e-03,  6.6733e-02],
          [-1.8090e-01, -1.3772e-01, -7.3323e-02],
          [ 2.3965e-02,  3.6586e-02, -1.0878e-01]],

         [[ 4.0043e-02, -6.1969e-02, -1.7404e-01],
          [-5.5824e-02, -1.0547e-01,  2.4697e-02],
          [ 1.6877e-03,  4.6886e-02,  1.1763e-01]]],


        [[[ 1.5474e-02, -4.6268e-02, -8.1172e-02],
          [ 1.3905e-01, -4.1188e-02, -5.3274e-02],
          [-1.1258e-01,  7.3867e-02, -1.6712e-01]],

         [[ 1.2698e-01,  7.1614e-02,  3.5755e-02],
          [ 7.9669e-02,  1.3881e-01, -3.2464e-02],
          [ 7.4960e-02,  8.9898e-02, -2.7662e-01]],

         [[ 2.1732e-02,  1.6280e-01, -1.8413e-01],
          [-1.1639e-02, -1.5320e-01, -4.2671e-02],
          [ 8.3297e-02, -4.6541e-02, -5.9455e-02]]],


        [[[-9.7786e-02, -3.1370e-02, -3.5412e-02],
          [ 4.0441e-02,  1.1031e-01, -9.6377e-02],
          [ 6.1026e-02,  7.0163e-02,  1.9720e-02]],

         [[-7.9580e-02, -4.6024e-02,  6.3844e-02],
          [-1.8633e-02, -1.0033e-01,  9.1954e-02],
          [-1.4752e-01,  7.9350e-02, -4.1563e-03]],

         [[ 3.7630e-02,  5.7635e-02,  6.4102e-03],
          [ 1.8152e-01, -3.0730e-03, -3.1864e-02],
          [ 1.0363e-02,  2.5660e-02,  1.4570e-01]]],


        [[[-1.7362e-02,  1.0703e-01, -5.2704e-02],
          [ 8.5112e-02,  4.9391e-02, -8.5443e-02],
          [-2.3422e-01, -3.1875e-02,  3.3046e-02]],

         [[ 7.7159e-02,  1.7851e-01, -5.5814e-02],
          [ 2.4672e-02, -1.1300e-02, -9.5290e-02],
          [-1.2019e-01, -7.5590e-02, -1.6519e-01]],

         [[ 5.8490e-02,  4.0470e-02, -3.2127e-02],
          [ 5.2308e-02, -9.6935e-02,  1.0909e-01],
          [-1.4501e-01,  4.6372e-02, -2.4723e-02]]],


        [[[-9.6472e-02, -3.2839e-03,  9.6824e-02],
          [-1.5863e-01, -6.6562e-03, -1.1833e-01],
          [ 8.3936e-02,  2.7058e-01,  9.3166e-02]],

         [[-4.1907e-02, -3.5031e-02, -1.8144e-01],
          [-1.4555e-01, -5.7247e-02, -1.6830e-01],
          [ 1.0615e-01,  6.8879e-02,  1.1050e-01]],

         [[-1.0642e-01,  9.2417e-02, -1.1759e-01],
          [-8.8908e-03, -7.5001e-02,  2.1886e-02],
          [ 2.4913e-03,  2.4298e-02,  1.6149e-01]]],


        [[[-8.0589e-03, -6.5172e-02,  1.2872e-01],
          [-1.4050e-01,  4.3625e-02, -1.7216e-01],
          [-7.1414e-02, -1.0123e-02, -6.8509e-02]],

         [[ 1.7903e-02,  6.7348e-02, -9.4752e-02],
          [-1.1041e-01, -1.5923e-01, -2.3983e-02],
          [ 2.2012e-02, -2.2597e-02, -1.2394e-01]],

         [[ 1.7534e-01,  9.3503e-02, -5.2673e-02],
          [-1.1383e-01,  8.3920e-02, -1.7000e-02],
          [-3.0456e-02,  6.1136e-02, -5.8980e-02]]]])), ('features.0.bias', tensor([ 5.1090e-09,  5.9374e-09, -5.6276e-09,  1.0393e-08, -1.4984e-08,
         2.4510e-08, -1.4646e-08,  7.5888e-09, -3.2452e-08, -1.1563e-08,
        -5.0727e-09,  1.5061e-08, -8.8586e-09,  2.5687e-08, -6.4111e-09,
        -2.0099e-08, -1.1954e-08,  2.0631e-08, -4.8031e-09, -1.4238e-08,
        -2.1476e-08,  3.3032e-09, -3.1336e-09,  1.3756e-08, -2.3808e-08,
        -1.5160e-08,  9.2469e-09,  4.7272e-09, -5.5372e-09,  1.9512e-08,
         2.4985e-08,  1.5878e-08])), ('features.1.weight', tensor([0.9878, 1.0099, 1.0217, 0.9849, 1.0418, 1.0151, 0.9781, 0.9948, 0.9883,
        1.0219, 1.0124, 0.9890, 0.9774, 1.0260, 1.0026, 0.9747, 0.9933, 0.9790,
        1.0815, 0.9852, 0.9859, 1.0037, 1.0307, 0.9940, 0.9858, 0.9833, 0.9842,
        1.0097, 0.9635, 1.0039, 1.0188, 0.9664])), ('features.1.bias', tensor([-0.0125, -0.0024,  0.0449, -0.0223,  0.0332,  0.0140, -0.0154, -0.0058,
         0.0107, -0.0516,  0.0192, -0.0040, -0.0126, -0.0245, -0.0152, -0.0045,
         0.0250, -0.0078,  0.0066, -0.0063, -0.0083, -0.0263, -0.0458, -0.0198,
        -0.0114, -0.0135,  0.0036,  0.0292, -0.0473, -0.0107,  0.0147, -0.0278])), ('features.1.running_mean', tensor([ 0.2777, -0.0840, -0.0020, -0.0800,  0.0003, -0.0137,  0.1600,  0.1061,
         0.0768, -0.0388,  0.0975, -0.1843,  0.2385,  0.0614,  0.0041,  0.0319,
         0.0466,  0.1012,  0.0200, -0.0670, -0.1262, -0.1897,  0.0206, -0.2126,
        -0.1921,  0.0354,  0.2704,  0.0397, -0.1148,  0.1191,  0.0406,  0.1994])), ('features.1.running_var', tensor([1.3036, 0.1597, 0.6601, 0.3758, 0.1370, 0.4445, 0.4833, 0.3136, 0.3810,
        0.2708, 0.4022, 0.6368, 1.1964, 0.6157, 0.5489, 0.2555, 0.3180, 0.2925,
        0.8927, 0.4008, 0.4300, 0.7572, 0.5052, 0.7563, 0.7853, 0.3659, 1.2161,
        0.4377, 0.3038, 0.5225, 0.5490, 0.7784])), ('features.1.num_batches_tracked', tensor(334)), ('features.4.weight', tensor([[[[ 3.6480e-02,  5.7624e-02,  2.7647e-02],
          [-8.1484e-02, -8.8040e-03, -2.4658e-02],
          [ 3.4555e-03,  7.1262e-02, -9.0941e-02]],

         [[-1.0667e-01, -7.7347e-02,  5.1177e-02],
          [-2.4008e-02, -6.0840e-02,  9.4604e-02],
          [ 9.7123e-02, -6.8000e-02, -1.4402e-02]],

         [[-4.6235e-02, -9.1106e-02, -4.1036e-02],
          [ 1.0172e-02,  1.1477e-01,  3.7900e-02],
          [-1.5085e-01, -4.9523e-02, -6.3585e-02]],

         ...,

         [[-1.8897e-03, -7.5452e-02,  1.9296e-02],
          [-4.7434e-02, -2.3852e-02,  3.4613e-02],
          [ 1.5425e-02,  4.8134e-02, -6.8840e-03]],

         [[ 1.5789e-02, -4.2524e-02, -1.4861e-02],
          [-3.7821e-02, -1.0808e-02, -4.9308e-02],
          [-1.6159e-02,  1.3823e-02,  7.4340e-02]],

         [[ 8.4652e-02,  4.8548e-02, -2.7070e-02],
          [ 5.8719e-02,  1.1325e-01,  8.7723e-04],
          [ 3.5223e-03,  4.0538e-02, -7.0269e-02]]],


        [[[ 6.2609e-03,  7.2172e-02, -6.3600e-02],
          [ 3.0475e-02, -2.7979e-02,  1.1891e-02],
          [-8.9370e-03, -6.3438e-03, -3.7757e-02]],

         [[ 8.9582e-02,  4.6381e-02,  4.3393e-02],
          [ 4.2894e-02,  2.7880e-02,  6.7111e-02],
          [ 7.5934e-03,  1.2049e-02,  1.1223e-01]],

         [[-4.2720e-02,  5.6404e-02,  6.4100e-03],
          [-3.6136e-02, -4.1150e-02, -5.1711e-02],
          [-6.9169e-02,  7.9195e-02, -1.0930e-02]],

         ...,

         [[-6.3557e-03, -1.3299e-01,  5.6515e-02],
          [-6.9939e-02, -6.5070e-03, -6.0594e-02],
          [ 6.8532e-03,  1.1345e-01,  8.6525e-02]],

         [[-9.0058e-02,  6.8281e-02, -2.5511e-02],
          [ 1.1476e-01, -2.9929e-02, -2.7100e-02],
          [ 2.3634e-02, -1.0461e-01, -3.9134e-02]],

         [[ 3.0892e-02, -2.1704e-02,  3.2497e-02],
          [ 4.3966e-02,  1.0066e-02,  8.2743e-02],
          [-6.3755e-03, -3.8022e-03,  3.8348e-02]]],


        [[[ 5.3468e-02,  1.9076e-02, -2.9355e-02],
          [ 1.1206e-02, -3.7685e-02, -1.2016e-01],
          [-1.0315e-01, -2.6797e-02, -3.7905e-02]],

         [[ 1.0171e-01,  7.2622e-02, -6.0332e-02],
          [ 4.0476e-02, -1.5756e-02, -5.6056e-02],
          [-1.4919e-02, -1.4322e-01, -9.5195e-02]],

         [[ 1.0672e-01,  1.5975e-02, -3.5775e-03],
          [ 8.3576e-03,  3.6577e-02, -7.7932e-03],
          [-9.4930e-05, -2.5905e-02, -8.1243e-02]],

         ...,

         [[-2.6575e-02, -3.3596e-02,  4.6653e-02],
          [ 3.5508e-02, -2.2671e-02,  6.4173e-02],
          [ 5.2749e-03,  2.2636e-02,  1.2370e-02]],

         [[ 8.1885e-02,  3.2662e-02,  2.0846e-02],
          [-5.6032e-02,  4.4333e-02,  6.2133e-02],
          [-4.8818e-02, -7.5579e-02,  3.8085e-02]],

         [[ 9.9369e-03, -1.4556e-02,  8.8144e-02],
          [ 6.8184e-02, -7.3631e-02, -4.8083e-03],
          [-1.0339e-02, -1.1356e-01, -4.8664e-02]]],


        ...,


        [[[-8.4752e-02, -1.9330e-01,  1.1282e-02],
          [-1.0426e-02, -1.4876e-02, -5.1705e-02],
          [-3.7708e-02,  4.5053e-02,  2.0064e-02]],

         [[ 3.6705e-02, -2.2374e-02, -5.2174e-02],
          [-3.8000e-02, -7.3393e-03, -2.2767e-02],
          [ 1.7554e-01,  6.0033e-02, -5.8419e-02]],

         [[ 1.8903e-02, -2.6783e-02, -6.5764e-02],
          [ 5.2266e-02,  1.9207e-02,  6.4170e-02],
          [-8.7425e-03,  8.6565e-02,  3.3339e-02]],

         ...,

         [[ 3.3039e-02, -1.5387e-02, -3.5628e-02],
          [ 3.5418e-02,  8.1944e-02, -7.3558e-02],
          [ 8.3211e-02, -1.1493e-01, -6.6079e-02]],

         [[ 3.0233e-02, -3.3143e-02, -1.2906e-01],
          [-9.9907e-02,  7.8770e-02,  8.5875e-02],
          [ 1.3011e-01,  6.2581e-03,  7.2065e-02]],

         [[-6.7455e-02,  5.3346e-02, -3.3810e-02],
          [ 5.1698e-02,  6.7213e-03,  8.0159e-02],
          [ 6.9836e-02,  2.3634e-02, -4.2497e-03]]],


        [[[-6.3355e-02,  2.1535e-02,  1.2341e-02],
          [ 3.3393e-02, -1.7488e-03,  3.7831e-02],
          [ 3.8091e-02, -1.3856e-02, -8.6425e-02]],

         [[-9.3191e-02, -8.7030e-02, -8.0925e-02],
          [ 9.5854e-02,  7.4766e-03, -4.3731e-02],
          [ 3.7549e-02, -6.9658e-02, -9.2495e-02]],

         [[ 2.5661e-02,  1.6947e-02, -3.6156e-03],
          [-6.0304e-02,  4.8713e-02,  1.0526e-02],
          [ 5.5139e-02, -1.0425e-01, -7.3845e-02]],

         ...,

         [[-2.1627e-02, -6.2629e-02, -1.0559e-01],
          [-6.3065e-02, -1.9861e-02,  1.5661e-02],
          [ 4.6303e-02, -3.6024e-02, -7.9787e-02]],

         [[ 4.2739e-02,  9.9862e-02,  2.5090e-02],
          [-8.0278e-02,  1.5445e-01, -7.2084e-02],
          [-9.4663e-02,  2.9754e-02,  1.8725e-03]],

         [[-4.3140e-04, -2.1214e-02, -9.3830e-02],
          [-3.1411e-02,  3.8082e-02,  1.4294e-01],
          [ 1.0050e-02,  1.4274e-02, -1.4845e-01]]],


        [[[-6.8824e-02,  8.7217e-02,  6.3061e-02],
          [ 7.6576e-03,  6.2204e-02, -8.5107e-02],
          [-1.1948e-02, -9.6606e-03,  2.0599e-02]],

         [[ 8.5995e-04,  1.6511e-02, -2.0271e-02],
          [-2.2968e-01,  2.4228e-02, -4.6427e-02],
          [ 2.7854e-02,  8.1271e-02,  5.0315e-02]],

         [[ 3.6964e-02, -1.3983e-02,  2.7560e-02],
          [-8.1843e-02, -6.1764e-02,  1.4636e-03],
          [-3.4150e-02,  4.5233e-02, -2.2174e-02]],

         ...,

         [[ 7.4986e-02, -8.5823e-02,  3.3648e-02],
          [-4.1653e-03, -6.9868e-04,  5.8409e-02],
          [-7.3397e-02,  3.4980e-02,  1.1744e-02]],

         [[-2.6897e-02, -2.8599e-02, -4.5865e-02],
          [ 1.2438e-01, -1.2782e-02, -2.1227e-02],
          [ 8.5558e-02, -3.2529e-02, -6.1344e-02]],

         [[-3.3943e-02,  9.6745e-02,  2.8673e-03],
          [-4.3990e-02, -8.7336e-02,  1.8191e-02],
          [-2.1251e-02,  3.8921e-02,  1.9151e-02]]]])), ('features.4.bias', tensor([ 1.1826e-09, -6.9316e-09, -1.4719e-09, -1.9966e-09, -2.8647e-09,
         2.5155e-09, -2.7092e-09,  5.1990e-09, -5.4757e-09,  7.3924e-09,
        -4.0673e-09,  1.9955e-09, -6.4826e-09,  4.5371e-09,  1.9912e-09,
        -1.8864e-09, -3.2227e-09, -1.3022e-09,  1.3379e-08,  5.1201e-09,
        -4.6062e-09,  5.7433e-09, -3.3488e-09, -2.8913e-09,  5.5371e-09,
        -1.1095e-08, -1.6133e-09,  7.6123e-10, -7.3530e-10,  1.4267e-10,
         5.8999e-09, -3.8869e-09, -1.1159e-08, -1.0775e-08,  9.8089e-09,
        -5.5262e-09, -3.4327e-09,  2.4147e-09,  1.3991e-09, -6.3164e-09,
        -1.6664e-09,  3.8455e-09,  5.9120e-09,  9.5005e-10,  1.9122e-09,
         5.3827e-09, -5.8160e-09,  2.7550e-09,  1.6007e-09, -2.3573e-09,
        -2.6182e-09, -3.1537e-09, -9.2877e-10,  7.0143e-09, -5.6337e-09,
        -8.2459e-09,  9.3745e-09, -2.0041e-09, -6.8676e-09,  2.0716e-09,
         8.8502e-09,  2.8323e-11, -9.3380e-09,  5.3970e-09])), ('features.5.weight', tensor([0.9728, 0.9852, 1.0022, 1.0038, 0.9888, 1.0133, 0.9961, 1.0090, 0.9869,
        1.0142, 1.0006, 0.9935, 0.9909, 0.9958, 0.9918, 1.0068, 1.0068, 1.0017,
        1.0049, 1.0318, 1.0000, 0.9784, 0.9906, 1.0089, 0.9874, 1.0039, 0.9955,
        0.9857, 0.9801, 0.9808, 0.9793, 0.9834, 1.0026, 1.0103, 1.0037, 1.0013,
        1.0287, 0.9856, 1.0147, 0.9974, 0.9902, 0.9924, 0.9886, 1.0002, 0.9989,
        1.0028, 1.0286, 0.9917, 0.9803, 1.0109, 1.0025, 1.0159, 0.9968, 1.0260,
        1.0094, 1.0233, 0.9890, 1.0266, 0.9997, 1.0103, 0.9980, 0.9918, 1.0005,
        1.0098])), ('features.5.bias', tensor([-0.0154, -0.0074, -0.0032, -0.0026, -0.0095,  0.0097, -0.0121, -0.0025,
        -0.0122,  0.0044,  0.0088, -0.0203, -0.0141, -0.0175, -0.0041, -0.0026,
        -0.0048,  0.0049, -0.0011,  0.0140, -0.0028, -0.0131, -0.0014, -0.0090,
        -0.0098, -0.0095, -0.0097, -0.0100, -0.0109, -0.0163, -0.0077, -0.0114,
         0.0034, -0.0076, -0.0041,  0.0031, -0.0092, -0.0116,  0.0038, -0.0070,
        -0.0106, -0.0212,  0.0007,  0.0002,  0.0003, -0.0078,  0.0049, -0.0066,
        -0.0006, -0.0021,  0.0111,  0.0036, -0.0057, -0.0109,  0.0026,  0.0107,
        -0.0082,  0.0125, -0.0035,  0.0024,  0.0017, -0.0109,  0.0104,  0.0028])), ('features.5.running_mean', tensor([ 0.2415, -0.5578,  0.7820, -1.3196,  0.9719, -0.6180, -0.1758, -0.5780,
         0.0903, -1.4117, -0.3774,  0.3050,  0.4615,  0.5523, -0.6304, -1.5612,
        -0.2607, -0.4994, -0.4200, -0.0290,  0.3238,  0.1590,  0.0460,  1.2392,
         0.3095,  0.0532, -0.4327,  0.2068, -1.1084, -0.3804,  0.9290, -0.0248,
         0.5960, -1.3268, -0.6950, -0.4130, -0.5638,  0.5483, -1.1178, -0.1145,
        -0.5018,  0.7064,  0.7700, -1.0035, -0.4422, -1.6214, -0.7598, -0.2376,
         1.0391,  1.1635,  0.6889,  0.2169, -0.2731, -0.1416, -1.0743, -0.2796,
        -0.1471, -0.6123, -0.6116,  0.0736, -0.9879,  0.0148, -0.0977,  0.2525])), ('features.5.running_var', tensor([0.9251, 0.4072, 0.8337, 0.6547, 0.8614, 0.5626, 0.9255, 0.9148, 0.8311,
        0.6681, 0.5980, 0.6537, 0.8951, 0.9004, 1.0083, 1.0753, 0.8441, 0.3131,
        0.6217, 0.5498, 0.5284, 0.6622, 0.5149, 0.7562, 0.5700, 0.4720, 0.4328,
        0.4743, 0.6881, 0.6832, 0.5282, 0.4554, 1.0146, 0.7995, 0.4688, 0.3461,
        1.0590, 0.7684, 0.4671, 0.3702, 0.5709, 0.4544, 0.6200, 0.6862, 0.5109,
        0.7407, 0.6518, 1.0849, 0.9187, 0.6824, 0.8025, 0.4127, 0.4372, 0.6632,
        0.7280, 0.3784, 0.6288, 0.9086, 0.7047, 0.9593, 0.6899, 0.4060, 0.5832,
        0.3376])), ('features.5.num_batches_tracked', tensor(334)), ('features.8.weight', tensor([[[[-0.1148,  0.0057, -0.0126],
          [-0.0583,  0.0221,  0.0210],
          [ 0.0033,  0.0428, -0.0278]],

         [[ 0.0478, -0.0379, -0.0523],
          [ 0.0411, -0.1444,  0.0693],
          [ 0.1185, -0.0242,  0.0701]],

         [[ 0.0669, -0.0540, -0.1645],
          [-0.0122,  0.0378,  0.0273],
          [-0.0341,  0.0424, -0.0021]],

         ...,

         [[ 0.0245, -0.1074,  0.0889],
          [-0.0036, -0.0216, -0.0406],
          [-0.0365, -0.1854, -0.0345]],

         [[ 0.0258, -0.0096,  0.0589],
          [ 0.0390, -0.0490,  0.0254],
          [-0.0004,  0.0196, -0.0359]],

         [[ 0.0408,  0.0331, -0.0319],
          [-0.0352, -0.0272,  0.0996],
          [ 0.0642, -0.0024,  0.0129]]],


        [[[ 0.0710, -0.0077, -0.0272],
          [ 0.0724, -0.0617,  0.0555],
          [-0.0909, -0.0766,  0.0381]],

         [[-0.0719,  0.0224, -0.0697],
          [-0.0108, -0.0182, -0.0669],
          [ 0.0040, -0.0697,  0.0572]],

         [[-0.0359,  0.0030, -0.0086],
          [ 0.0410, -0.0084,  0.0149],
          [-0.0533,  0.0576, -0.0495]],

         ...,

         [[ 0.0638, -0.1290,  0.0201],
          [-0.0180, -0.0039, -0.0446],
          [ 0.0828, -0.0835, -0.1482]],

         [[-0.0020,  0.0181,  0.0296],
          [ 0.0275,  0.0191, -0.0084],
          [ 0.0886, -0.0539,  0.0258]],

         [[-0.0287, -0.0449, -0.0498],
          [-0.0375, -0.0122,  0.0107],
          [-0.1120,  0.0130, -0.0153]]],


        [[[ 0.0841,  0.0426,  0.0260],
          [-0.1407,  0.0073, -0.0392],
          [ 0.0605, -0.0415,  0.0720]],

         [[-0.0128,  0.0112,  0.0394],
          [-0.0616,  0.0028, -0.0004],
          [-0.0807,  0.0074,  0.0198]],

         [[-0.0087,  0.0362,  0.0236],
          [ 0.0685,  0.1089, -0.0252],
          [-0.0030,  0.0794,  0.0639]],

         ...,

         [[-0.0608, -0.0031,  0.0128],
          [ 0.0557,  0.0684,  0.0532],
          [ 0.0348, -0.0340, -0.0966]],

         [[-0.1723,  0.0460,  0.0891],
          [ 0.0030, -0.0525, -0.0405],
          [ 0.0207,  0.0340, -0.0757]],

         [[ 0.0646, -0.0115,  0.0702],
          [-0.0212,  0.0423, -0.0230],
          [-0.0111,  0.0713, -0.1057]]],


        ...,


        [[[-0.0222, -0.0384, -0.0360],
          [ 0.0577, -0.0644, -0.1055],
          [-0.0338, -0.0808, -0.0823]],

         [[ 0.0275, -0.0169,  0.0654],
          [-0.0429,  0.0153,  0.0679],
          [ 0.0279,  0.0475, -0.0996]],

         [[ 0.0056, -0.0238,  0.0746],
          [ 0.0022, -0.0037,  0.0455],
          [-0.0400, -0.0720,  0.0163]],

         ...,

         [[-0.0619, -0.0068, -0.0809],
          [-0.0291, -0.0699,  0.0144],
          [-0.1224,  0.0438, -0.0179]],

         [[ 0.0647,  0.0759,  0.0286],
          [ 0.0216, -0.0629, -0.0099],
          [ 0.1024, -0.0166,  0.0704]],

         [[-0.0683,  0.0325, -0.0281],
          [ 0.0170,  0.0297,  0.0577],
          [-0.0757, -0.0800, -0.0800]]],


        [[[ 0.0016,  0.0829, -0.0433],
          [ 0.0237,  0.0320, -0.0074],
          [ 0.0020, -0.0253, -0.0636]],

         [[-0.1104, -0.0437,  0.0501],
          [ 0.0087,  0.0930,  0.0300],
          [ 0.0527, -0.0198,  0.0625]],

         [[-0.0775,  0.0137, -0.0636],
          [-0.0354, -0.0073,  0.0358],
          [ 0.0785,  0.0108,  0.0243]],

         ...,

         [[-0.0357,  0.0025, -0.0242],
          [ 0.0182, -0.0239,  0.0015],
          [ 0.0054,  0.0704,  0.0444]],

         [[ 0.0110, -0.0248, -0.0556],
          [ 0.0057, -0.0472,  0.0363],
          [-0.0027,  0.0645,  0.0133]],

         [[-0.0527, -0.0168,  0.0094],
          [-0.0681,  0.0192, -0.0734],
          [ 0.0174, -0.0307, -0.0436]]],


        [[[ 0.0553,  0.0516, -0.0080],
          [-0.0315,  0.0041,  0.0084],
          [ 0.0450, -0.1576, -0.0435]],

         [[ 0.0826,  0.0199, -0.0309],
          [-0.0102, -0.0784,  0.0855],
          [ 0.0024, -0.0070,  0.0544]],

         [[-0.0629, -0.0154,  0.0197],
          [-0.0573,  0.0784, -0.1001],
          [-0.0092,  0.0627,  0.0150]],

         ...,

         [[ 0.0801, -0.0923,  0.0437],
          [ 0.0555, -0.0457,  0.0640],
          [ 0.0678,  0.0331, -0.0717]],

         [[ 0.0118, -0.0529, -0.0812],
          [-0.0926, -0.0328, -0.0112],
          [-0.0700, -0.0928, -0.0657]],

         [[-0.0333,  0.1007, -0.0615],
          [-0.0174,  0.0288, -0.0123],
          [-0.0292,  0.0695, -0.0228]]]])), ('features.8.bias', tensor([ 1.5491e-09, -2.5881e-09,  3.6199e-09, -1.0034e-09, -1.9593e-09,
         2.9524e-09,  1.7724e-09,  1.4964e-10,  4.3348e-09,  5.1803e-09,
         2.8447e-09,  7.5003e-10,  1.2850e-09, -9.9857e-10,  4.8121e-09,
         7.0653e-09,  1.0867e-10, -4.0835e-09,  5.1239e-10, -6.4627e-09,
         2.0216e-09, -1.8833e-09, -1.0717e-09, -5.4310e-09, -2.4094e-09,
         1.5984e-09,  3.9399e-09, -3.7894e-10,  8.0005e-10, -7.6491e-11,
         5.0159e-10,  1.9759e-09,  2.1097e-09,  2.5330e-09,  1.0171e-09,
        -1.8043e-09,  5.9353e-09, -1.0971e-09,  3.3770e-10, -2.9973e-09,
        -9.4050e-10,  3.9389e-09, -1.9054e-09, -1.9113e-09,  5.5776e-09,
         1.1960e-09,  4.0314e-09, -3.0814e-09, -3.6919e-09, -1.4627e-09,
         1.1293e-09,  3.1686e-10, -1.5402e-10, -6.4257e-11,  3.5273e-09,
         1.2798e-09,  1.8995e-09, -1.3739e-09, -1.2192e-09, -3.1197e-09,
         3.4696e-09, -3.1877e-10,  2.2550e-09,  1.2397e-09])), ('features.9.weight', tensor([1.0013, 0.9818, 0.9949, 0.9946, 1.0058, 1.0154, 0.9986, 0.9853, 1.0189,
        0.9986, 1.0168, 0.9941, 0.9999, 0.9955, 0.9961, 1.0042, 1.0026, 1.0103,
        1.0031, 1.0098, 1.0202, 1.0212, 0.9964, 1.0205, 0.9767, 0.9975, 1.0129,
        0.9943, 1.0041, 1.0053, 1.0025, 1.0039, 0.9976, 0.9880, 0.9944, 0.9996,
        1.0132, 0.9997, 1.0216, 0.9986, 1.0021, 0.9946, 0.9946, 1.0023, 0.9993,
        1.0105, 1.0176, 0.9794, 0.9981, 0.9882, 0.9958, 1.0037, 0.9986, 1.0019,
        1.0149, 1.0052, 0.9906, 1.0013, 1.0061, 1.0004, 1.0106, 0.9940, 0.9837,
        0.9886])), ('features.9.bias', tensor([-0.0049, -0.0224, -0.0234, -0.0204, -0.0077, -0.0165, -0.0131, -0.0239,
        -0.0021, -0.0140, -0.0087, -0.0308, -0.0051, -0.0134, -0.0251, -0.0106,
        -0.0119, -0.0219, -0.0134, -0.0110, -0.0037, -0.0054, -0.0138, -0.0120,
        -0.0227, -0.0183, -0.0161, -0.0206, -0.0110, -0.0219, -0.0138, -0.0182,
         0.0044, -0.0235, -0.0171, -0.0086, -0.0030, -0.0196, -0.0057, -0.0100,
        -0.0128, -0.0269, -0.0167, -0.0059, -0.0205, -0.0068,  0.0046, -0.0245,
        -0.0118, -0.0161, -0.0132, -0.0110, -0.0038, -0.0167, -0.0098, -0.0058,
        -0.0183, -0.0140, -0.0206, -0.0316, -0.0114, -0.0215, -0.0203, -0.0206])), ('features.9.running_mean', tensor([-0.7750, -0.0079,  0.9595, -2.2017, -0.0968, -0.5388,  0.1747, -0.9905,
        -0.0925, -2.1408,  0.7858, -0.2731, -0.5177,  0.7994,  0.4857, -0.4240,
        -1.1788, -1.2293, -1.3646, -0.8548, -1.0836, -1.2990, -0.6322,  0.6485,
         1.5123, -1.2733, -1.1918,  0.8307, -0.5495, -1.2181,  0.9906, -0.4317,
         0.4650, -0.3235, -0.3135,  1.1548,  0.2026, -0.7014, -0.4545, -0.4380,
        -0.0495, -0.5287,  1.5815, -0.3644,  0.0136,  0.1736,  0.2370,  1.1544,
        -0.7572,  0.6715,  1.0396, -1.5670,  0.1691, -1.4010, -0.3924,  0.3580,
         0.4900,  0.1783,  0.8451, -1.2018, -0.5504, -1.3355,  0.7978, -0.8517])), ('features.9.running_var', tensor([1.3651, 0.7953, 1.1428, 1.2273, 1.4426, 0.8830, 0.8987, 0.9165, 1.2737,
        0.8474, 1.0139, 1.0428, 0.7465, 1.2100, 0.7871, 1.2817, 1.5727, 1.1723,
        1.0759, 0.9918, 1.9499, 1.6006, 1.6578, 0.8465, 1.3191, 0.7868, 1.4272,
        0.9697, 1.3237, 1.3358, 1.0552, 1.5082, 1.1581, 0.8184, 0.9675, 0.7208,
        0.8099, 1.2228, 1.6701, 1.1728, 1.0020, 1.1692, 0.9603, 0.7441, 1.1934,
        0.6722, 1.1444, 1.1738, 0.8001, 1.0332, 1.2609, 1.0884, 0.8087, 1.5228,
        1.0164, 0.9628, 0.9945, 0.5281, 0.7786, 1.1771, 1.1240, 1.1303, 0.8058,
        1.1962])), ('features.9.num_batches_tracked', tensor(334)), ('denses.0.weight', tensor([[ 0.0191,  0.0072,  0.0055,  ..., -0.0105, -0.0096,  0.0138],
        [ 0.0022, -0.0088, -0.0005,  ..., -0.0034,  0.0096,  0.0043],
        [ 0.0032, -0.0022,  0.0078,  ..., -0.0038, -0.0147,  0.0071],
        ...,
        [ 0.0096,  0.0083, -0.0075,  ..., -0.0029,  0.0245, -0.0043],
        [-0.0062,  0.0007, -0.0033,  ...,  0.0051,  0.0081, -0.0058],
        [-0.0028,  0.0209,  0.0027,  ..., -0.0074, -0.0097,  0.0041]])), ('denses.0.bias', tensor([ 5.2036e-04, -7.3303e-04,  4.7434e-04, -3.4585e-04, -8.5376e-05,
         4.1582e-04,  4.0209e-05,  4.6736e-04,  4.4644e-05,  4.3384e-04,
         1.0112e-04, -1.2821e-03, -9.0385e-04, -6.3732e-04, -1.4166e-04,
        -7.5024e-04, -3.2490e-03,  2.2311e-04, -6.5373e-04, -2.6160e-05,
        -3.8994e-04, -5.3351e-04, -1.9123e-03,  1.3153e-03,  5.5774e-05,
        -7.4191e-04,  1.8646e-03,  1.9527e-04,  4.9827e-04,  7.6022e-04,
         2.0926e-03,  5.2809e-04,  1.6972e-03,  4.7748e-04, -8.1019e-04,
        -5.6264e-04,  3.8630e-04, -1.6362e-03,  1.1167e-03, -1.1307e-03,
         1.2930e-03,  1.7423e-03, -1.0862e-03, -1.7392e-03,  1.3833e-03,
        -2.0569e-03, -9.0564e-04,  2.3866e-04,  1.1176e-03, -9.7486e-04,
         4.0119e-04,  4.5945e-04, -1.4907e-04,  1.4344e-03, -1.4187e-03,
         3.4776e-03,  1.2349e-03,  4.0800e-05,  3.2405e-05,  1.2801e-03,
         7.5541e-04,  9.7132e-05, -1.2214e-04,  6.1333e-04,  2.2580e-04,
         4.8313e-04,  4.4658e-04,  2.7899e-04, -9.3173e-04,  1.7655e-05,
        -6.4255e-04, -7.5702e-04, -1.5216e-03, -4.3278e-04,  7.3415e-04,
         1.4465e-04,  2.1177e-03, -1.0685e-04,  3.2142e-04,  5.2891e-04,
         3.2798e-03, -2.7019e-04, -7.7299e-04, -1.0401e-03, -3.8500e-04,
         1.3217e-04,  1.1781e-03,  1.5981e-03, -3.0086e-03,  3.5214e-03,
        -2.3939e-03,  2.0316e-04,  1.5771e-03,  3.0098e-04,  2.3292e-03,
         3.6767e-04,  7.0796e-04, -2.9218e-04, -2.8094e-04, -3.4524e-04,
         1.1277e-03, -6.9513e-04,  1.5737e-04,  1.0567e-03,  8.6650e-04,
         1.8045e-03, -7.9976e-05, -2.4866e-03, -3.2705e-05, -1.6826e-03,
        -2.5741e-03, -7.1952e-04,  1.0364e-04,  2.1761e-03, -1.4323e-03,
        -7.6980e-04,  5.0414e-04, -2.1735e-04, -1.6611e-03, -8.8970e-04,
        -4.7140e-04,  4.6161e-04, -1.1612e-03,  1.2659e-04, -1.6157e-03,
         1.6769e-03,  4.1090e-04, -9.4113e-04])), ('denses.1.weight', tensor([[-0.0034,  0.0270, -0.0043,  ..., -0.0522, -0.0201,  0.0343],
        [-0.1078, -0.0349, -0.0826,  ...,  0.0178, -0.0111, -0.0459],
        [ 0.0136,  0.0154,  0.0318,  ..., -0.0397,  0.0123,  0.0442],
        ...,
        [ 0.0556,  0.0249,  0.0562,  ..., -0.0266,  0.0220, -0.0243],
        [-0.0234, -0.0840, -0.0726,  ..., -0.0287, -0.0371, -0.0085],
        [-0.0408, -0.0040, -0.0200,  ...,  0.0199,  0.0650, -0.1175]])), ('denses.1.bias', tensor([-0.0284, -0.0159,  0.0232,  0.0451,  0.0312, -0.0141, -0.0288,  0.0040,
        -0.0383,  0.0220]))]), 16666.666666666668)