(OrderedDict([('features.0.weight', tensor([[[[ 4.0822e-02, -5.7337e-02,  5.8815e-02],
          [ 3.0782e-02, -4.2396e-03, -3.3437e-02],
          [-6.8306e-02, -2.2992e-02, -1.1341e-02]],

         [[-3.4023e-02, -1.4834e-01,  5.9481e-02],
          [-1.1064e-01,  1.2615e-02, -1.3176e-01],
          [-4.4004e-02, -4.9678e-02, -1.0278e-01]],

         [[ 1.9908e-03, -1.8926e-01,  9.1842e-02],
          [-9.2306e-03, -1.0073e-01,  7.2948e-02],
          [-1.7649e-02, -2.0049e-01, -1.9579e-02]]],


        [[[-2.2955e-01, -9.7704e-02, -7.6282e-02],
          [-1.6246e-01, -6.6832e-02,  5.6303e-02],
          [-1.0014e-02,  8.0043e-02,  1.4996e-01]],

         [[ 1.2223e-01,  1.5885e-02,  5.4904e-02],
          [ 1.9132e-02,  1.5704e-01,  4.5914e-03],
          [ 1.1716e-01, -2.4274e-02, -1.9730e-02]],

         [[-7.8931e-02,  5.9662e-02,  6.0544e-02],
          [ 1.4309e-01,  3.7249e-02,  6.7624e-04],
          [-8.1394e-02, -2.9274e-02, -2.0138e-01]]],


        [[[-8.6250e-02, -2.6363e-01, -3.2891e-02],
          [ 1.3121e-01, -4.3302e-02,  4.9717e-02],
          [-1.6266e-02,  2.3289e-01,  1.2143e-01]],

         [[-1.4195e-01, -1.1108e-01, -1.6671e-01],
          [-4.3162e-03, -6.3653e-02, -1.1024e-01],
          [ 2.4249e-01,  2.0540e-01,  6.0477e-02]],

         [[-5.1163e-02,  4.8848e-02, -9.1316e-02],
          [-2.7841e-02, -6.5478e-02,  7.3450e-02],
          [ 5.1367e-02, -6.1233e-03,  8.1453e-02]]],


        [[[-2.0558e-01, -5.4689e-02, -1.9772e-01],
          [-6.2648e-02, -1.7132e-03, -1.1939e-01],
          [ 1.7348e-02, -2.0212e-01, -4.9746e-02]],

         [[-9.1705e-03, -2.3357e-02,  2.1897e-03],
          [-1.0151e-02,  1.0585e-01,  1.0831e-01],
          [ 5.1439e-03,  7.0037e-02, -6.1079e-04]],

         [[ 1.5705e-01,  8.3463e-02, -3.5761e-03],
          [ 1.3228e-01,  6.2044e-02,  9.2766e-02],
          [-6.4100e-02,  4.0158e-02,  1.0604e-01]]],


        [[[ 3.6698e-01, -1.9629e-01,  3.8293e-03],
          [-9.8650e-02, -1.4534e-01,  2.6328e-01],
          [-9.0150e-02,  1.5484e-01, -2.4157e-01]],

         [[ 1.9574e-01, -2.7302e-01,  1.0122e-01],
          [-1.0961e-01, -1.8587e-01,  1.7289e-01],
          [-4.8694e-02,  2.9470e-01, -5.3087e-02]],

         [[ 6.1037e-02, -2.6278e-01,  1.1931e-01],
          [-4.0391e-02, -4.9421e-02,  2.4077e-01],
          [-1.7083e-01,  3.4043e-01, -1.8111e-01]]],


        [[[-1.6125e-01, -4.7134e-02,  3.9068e-03],
          [-2.3137e-01, -2.5217e-02, -4.4458e-02],
          [-3.5155e-02, -2.0796e-01, -2.6078e-02]],

         [[ 8.1995e-02, -1.3818e-01, -1.3586e-01],
          [ 1.5977e-01, -9.0367e-02,  1.2671e-02],
          [-9.0747e-02, -2.2751e-02, -7.6746e-02]],

         [[ 5.7263e-02,  1.5867e-02, -4.1044e-04],
          [ 3.2187e-01,  1.9769e-01,  1.4769e-01],
          [ 1.5116e-01,  6.1560e-02,  8.1120e-02]]],


        [[[ 4.4166e-02,  3.2982e-02, -5.6375e-02],
          [ 1.0534e-01,  5.1276e-02, -2.8842e-03],
          [ 8.6316e-02, -1.9549e-03,  1.5048e-01]],

         [[-7.5231e-02, -4.6893e-02, -8.8971e-02],
          [-5.7770e-02, -1.7801e-01, -2.3220e-01],
          [-2.4155e-01, -1.4835e-01,  8.3378e-02]],

         [[ 1.4579e-01,  1.1951e-01,  1.8491e-02],
          [ 2.7226e-02, -3.8912e-02, -3.6993e-02],
          [-9.0710e-02, -9.7360e-02, -5.8292e-03]]],


        [[[-1.4924e-02, -4.0508e-02,  2.0804e-01],
          [-9.6611e-04,  9.7590e-02,  7.4397e-02],
          [ 1.3463e-01, -2.6292e-02, -1.7583e-01]],

         [[-2.2937e-02, -1.8795e-01,  7.9461e-03],
          [-4.0502e-02, -1.6729e-01, -2.1425e-01],
          [ 1.9093e-01,  1.5475e-02, -1.5560e-01]],

         [[-1.8933e-01, -1.2010e-02,  2.2460e-01],
          [ 1.7503e-02, -4.4930e-04, -7.5491e-02],
          [ 7.9166e-02,  8.3587e-03, -6.6309e-02]]],


        [[[-2.0369e-01, -3.3440e-02,  8.0756e-02],
          [-7.5580e-02, -4.6603e-02,  9.8109e-02],
          [ 9.4857e-02,  1.0029e-01, -8.1297e-02]],

         [[-4.3350e-02, -2.0634e-01,  1.1997e-01],
          [-1.1955e-01, -2.7776e-02, -3.2562e-02],
          [ 1.0711e-02,  1.6589e-01, -2.5676e-03]],

         [[-1.6307e-01, -6.8372e-02,  1.2478e-02],
          [-7.1277e-02,  4.3855e-02,  7.9850e-02],
          [-4.9219e-03,  3.4539e-02, -2.9956e-02]]],


        [[[ 1.9856e-01,  3.0143e-01,  1.6132e-01],
          [ 1.7843e-01,  8.5186e-02,  1.9784e-01],
          [-9.6054e-03,  1.4033e-01,  1.7688e-02]],

         [[-1.8445e-02, -1.3723e-01, -1.5189e-01],
          [-6.6139e-02, -1.8390e-02, -2.2522e-02],
          [-1.6908e-01, -1.4341e-01, -1.4074e-01]],

         [[-4.3525e-02, -1.2296e-01,  1.4821e-03],
          [-5.0398e-02, -9.1438e-02, -1.7528e-01],
          [ 2.2325e-01,  4.2170e-02,  7.4578e-02]]],


        [[[-1.2502e-01,  2.2338e-02,  6.2492e-02],
          [-6.9408e-02, -9.2141e-02,  1.1939e-01],
          [ 2.1060e-02, -7.0794e-02,  1.9617e-01]],

         [[ 9.4183e-02, -2.3206e-01, -1.5703e-01],
          [ 4.3928e-02, -5.2072e-02, -6.7008e-02],
          [-1.1357e-01,  1.5263e-01,  1.2134e-01]],

         [[-8.1889e-02, -1.6449e-01,  8.4415e-02],
          [-7.2094e-02,  1.0378e-02,  1.5109e-01],
          [-1.4763e-01, -3.5991e-02,  7.9012e-03]]],


        [[[-5.4043e-02,  7.7830e-02,  2.7190e-02],
          [ 3.5708e-02,  9.4694e-02,  7.2465e-02],
          [ 6.1275e-02, -4.7284e-02,  2.7588e-02]],

         [[-1.0030e-01,  6.3539e-03, -4.0193e-02],
          [ 6.3343e-02, -5.2231e-02, -2.5154e-02],
          [-9.8769e-03, -1.0199e-02, -1.2919e-01]],

         [[ 5.6054e-02,  7.3137e-02,  1.7360e-01],
          [ 1.4383e-01, -2.9246e-02,  1.4971e-02],
          [ 1.0204e-01,  2.2016e-01, -1.1828e-01]]],


        [[[ 4.3774e-02,  6.7755e-02, -2.1577e-02],
          [-1.1703e-01, -6.4626e-02,  9.9756e-03],
          [-3.6118e-02,  9.1980e-02,  1.0157e-02]],

         [[ 4.3631e-02,  6.8288e-02,  5.3561e-02],
          [-1.3934e-01, -1.5760e-01, -6.7826e-03],
          [-5.5827e-02, -2.4339e-02,  3.6234e-02]],

         [[ 3.2638e-02,  1.7017e-01, -7.9560e-02],
          [-1.6024e-01, -6.6507e-02, -1.4953e-01],
          [-7.5880e-02, -5.9875e-02, -1.5634e-01]]],


        [[[ 5.2617e-02,  1.9114e-01,  1.0892e-01],
          [-2.6427e-02, -7.7132e-02,  2.4627e-02],
          [-9.2350e-02, -2.2691e-01,  6.4768e-03]],

         [[ 1.7146e-01,  1.5196e-01, -9.5071e-02],
          [ 1.5573e-01,  3.2397e-02, -7.6146e-02],
          [-2.7908e-01, -1.6708e-01,  1.8272e-02]],

         [[ 1.7731e-01,  1.3109e-02,  5.8965e-02],
          [ 1.7823e-02,  3.6310e-02, -1.4290e-01],
          [-7.7941e-02, -6.9403e-02,  7.5137e-02]]],


        [[[-3.2927e-03,  9.3039e-02,  2.2344e-01],
          [-1.1848e-01, -6.0395e-02,  2.2683e-01],
          [-1.2998e-01, -7.1321e-02, -1.4619e-01]],

         [[-1.2944e-01,  1.3223e-01,  6.2697e-02],
          [-1.2569e-01,  4.1151e-02,  6.4605e-02],
          [-1.4041e-01, -1.1341e-01,  2.9790e-02]],

         [[ 1.0144e-01,  5.3081e-02,  6.6080e-02],
          [-3.0636e-02, -6.6964e-02,  5.0250e-02],
          [-1.5935e-02, -1.8587e-01,  7.7065e-02]]],


        [[[ 7.5458e-02,  4.7639e-02, -1.0951e-01],
          [-4.1182e-02, -4.3618e-02,  2.2307e-02],
          [-7.6326e-02, -7.9386e-02,  8.0998e-02]],

         [[ 1.7756e-01,  2.5646e-01, -1.2183e-01],
          [ 4.8146e-02,  1.8352e-01,  8.3071e-02],
          [-6.8805e-02,  7.7656e-02,  2.2527e-01]],

         [[-3.1364e-02, -9.4122e-02, -1.3431e-01],
          [-5.7530e-02, -1.7782e-01, -1.0302e-01],
          [-1.3359e-01, -2.0774e-01, -5.1986e-02]]],


        [[[-1.6031e-01, -2.0780e-01,  1.0818e-01],
          [ 7.2823e-02, -3.9680e-02, -2.4240e-02],
          [ 1.7102e-01,  7.4270e-02, -1.0201e-02]],

         [[ 3.8970e-02, -1.6173e-01, -1.3648e-01],
          [ 4.5321e-02,  2.6331e-02, -3.0510e-02],
          [ 2.6654e-02,  1.9828e-01,  1.1673e-03]],

         [[-1.8246e-02, -7.5047e-02,  1.6858e-01],
          [-3.9157e-02,  6.5856e-03, -2.2297e-01],
          [-3.2531e-02,  1.5163e-01,  1.0991e-02]]],


        [[[-2.4264e-01, -7.5546e-02,  1.5291e-01],
          [ 4.9920e-03,  8.4109e-02, -4.2973e-02],
          [ 5.2119e-02,  6.6864e-02,  2.8882e-02]],

         [[-3.3091e-02,  1.0787e-02, -7.3028e-02],
          [-1.1104e-01, -1.1222e-01,  5.9797e-02],
          [-6.3900e-02, -1.5048e-01, -5.3662e-02]],

         [[-4.1372e-02,  2.0444e-01,  9.6070e-02],
          [-8.2149e-02, -4.5421e-02,  5.7596e-02],
          [-6.6818e-02,  1.2469e-02,  1.2812e-01]]],


        [[[-1.4004e-01, -1.3285e-02,  2.1928e-01],
          [-4.6770e-02,  3.4217e-02,  1.2186e-01],
          [-2.6990e-02,  1.2995e-02, -8.6278e-04]],

         [[-3.1826e-01, -5.8826e-02,  2.1829e-01],
          [-1.1160e-01, -8.8860e-03,  1.9095e-01],
          [-1.6079e-01,  1.2110e-01,  5.5779e-02]],

         [[-1.4660e-01, -1.5990e-02,  3.0201e-01],
          [-2.1438e-01, -1.0418e-01,  2.1024e-01],
          [-1.9739e-02,  5.6576e-02,  8.9225e-03]]],


        [[[ 8.5697e-02, -1.5235e-01,  9.3226e-02],
          [ 5.4244e-02, -1.7234e-01,  8.1342e-02],
          [ 7.4946e-02, -1.1176e-01,  1.0570e-01]],

         [[-2.2341e-02, -1.9058e-01,  5.9508e-02],
          [-2.3989e-02, -3.6647e-02,  1.0393e-01],
          [ 5.5019e-02, -2.2630e-01, -2.5948e-02]],

         [[ 6.9806e-02, -6.9974e-02,  7.7600e-02],
          [ 2.4590e-01,  4.6520e-02,  8.7254e-02],
          [ 5.9059e-02, -8.8284e-02,  3.8331e-02]]],


        [[[ 4.1884e-02, -1.5862e-01,  1.1925e-01],
          [ 1.8915e-01,  2.1755e-02, -1.1844e-01],
          [ 9.0251e-02, -1.0793e-01,  1.2348e-01]],

         [[-1.9598e-02, -1.2308e-01,  1.0096e-01],
          [ 9.2830e-02,  6.9348e-02,  1.1261e-04],
          [-2.7689e-02, -2.5941e-01,  9.0196e-02]],

         [[-3.2804e-02,  2.2853e-02,  1.0827e-01],
          [ 1.8199e-01, -8.3266e-02, -7.8811e-03],
          [ 4.9107e-02, -8.1616e-02,  1.2050e-01]]],


        [[[-6.7439e-02,  3.4906e-02,  1.6251e-01],
          [ 4.7306e-02,  5.8392e-02,  1.3305e-01],
          [ 4.3556e-02,  5.1773e-03,  9.2775e-02]],

         [[ 1.0476e-01,  7.9903e-02,  7.8381e-02],
          [-4.7587e-02,  5.4680e-02,  4.4530e-02],
          [-1.8699e-01, -6.3413e-02, -2.8836e-02]],

         [[-1.3715e-02,  1.1788e-01,  8.2137e-02],
          [-3.5898e-02, -8.4176e-02, -1.9241e-02],
          [ 4.0707e-02, -2.3958e-02,  7.6941e-02]]],


        [[[ 2.0300e-01, -6.2143e-02, -7.9461e-02],
          [ 8.3030e-02,  8.9153e-02,  1.6562e-02],
          [ 1.9735e-02,  4.9465e-02,  3.3203e-02]],

         [[ 6.4022e-04, -8.3276e-02, -1.3606e-01],
          [ 1.5239e-02, -1.1648e-01, -1.7526e-01],
          [ 1.7853e-01, -2.4547e-04, -2.0943e-01]],

         [[ 8.3949e-02, -3.7945e-02, -1.4649e-01],
          [ 1.8936e-01,  7.4891e-02, -1.5639e-01],
          [ 1.0401e-01,  9.0905e-02, -2.4331e-02]]],


        [[[ 5.7431e-02,  1.0895e-01, -1.6196e-02],
          [ 4.8082e-02,  2.1463e-02,  5.8755e-02],
          [ 6.5803e-02,  1.5037e-01,  6.4568e-02]],

         [[-5.8199e-02,  1.2047e-01, -4.6250e-02],
          [ 2.4579e-02,  1.5114e-01,  3.8549e-02],
          [ 1.1157e-01,  3.2888e-02,  8.0330e-02]],

         [[-3.3878e-02, -2.2002e-02,  9.8507e-03],
          [ 1.3278e-01, -6.0097e-02, -3.9650e-02],
          [-4.9931e-02,  1.3961e-02, -4.6653e-02]]],


        [[[ 1.7774e-01,  3.6119e-02, -1.0149e-01],
          [-2.3733e-02, -5.5708e-02, -5.2049e-02],
          [ 3.0162e-02, -1.6357e-01, -5.1255e-02]],

         [[-2.9452e-02, -9.7546e-03,  9.7352e-03],
          [ 5.2189e-02, -7.3234e-02,  2.2859e-02],
          [-6.7182e-02,  6.5152e-02, -1.3963e-01]],

         [[ 4.6620e-02,  3.7248e-02,  9.1791e-02],
          [ 9.2509e-02,  1.4084e-01, -9.5946e-02],
          [ 8.8673e-02,  8.0954e-02,  9.6633e-02]]],


        [[[-1.7974e-03, -9.8630e-02, -2.5988e-01],
          [-1.2139e-01,  3.6216e-02, -5.7247e-02],
          [ 1.4528e-02, -1.2332e-01, -3.7637e-02]],

         [[-6.6972e-02, -6.7215e-02,  9.7032e-03],
          [-1.4926e-01,  4.7262e-02,  3.1951e-02],
          [ 7.2347e-02,  2.9692e-04,  1.0253e-01]],

         [[-9.2694e-02, -1.2147e-01,  7.5643e-02],
          [ 1.7252e-02, -9.2121e-02,  1.5778e-02],
          [ 1.2147e-01,  1.4307e-01,  1.5625e-01]]],


        [[[-3.8472e-02,  8.3119e-02, -9.8874e-02],
          [-1.0926e-02, -1.1272e-01,  5.1168e-02],
          [-7.5326e-02, -9.0027e-02,  3.7292e-02]],

         [[ 4.3117e-03, -1.0712e-02,  7.1199e-02],
          [-1.8240e-01, -1.3970e-01, -6.2413e-02],
          [ 2.7279e-02,  4.7189e-02, -8.0041e-02]],

         [[ 4.4965e-02, -6.9446e-02, -1.7709e-01],
          [-5.6615e-02, -1.0885e-01,  3.0573e-02],
          [ 5.5650e-03,  5.6791e-02,  1.4167e-01]]],


        [[[ 2.5154e-02, -3.2546e-02, -8.2139e-02],
          [ 1.4480e-01, -1.2352e-02, -7.7994e-02],
          [-1.1753e-01,  7.8817e-02, -1.8854e-01]],

         [[ 1.4804e-01,  8.2364e-02,  2.3158e-02],
          [ 1.0287e-01,  1.7355e-01, -6.1642e-02],
          [ 9.0040e-02,  1.0721e-01, -2.9255e-01]],

         [[ 2.4471e-02,  1.6346e-01, -1.9371e-01],
          [-5.7333e-03, -1.2440e-01, -6.2598e-02],
          [ 8.8222e-02, -2.8689e-02, -6.3696e-02]]],


        [[[-1.0547e-01, -3.1128e-02, -3.1622e-02],
          [ 5.1315e-02,  1.3375e-01, -7.4392e-02],
          [ 9.3012e-02,  9.2208e-02,  3.3949e-02]],

         [[-9.0037e-02, -4.4230e-02,  6.3983e-02],
          [-1.2536e-02, -8.0894e-02,  1.0537e-01],
          [-1.2214e-01,  9.4367e-02, -4.9094e-03]],

         [[ 3.4115e-02,  6.6212e-02,  1.4217e-02],
          [ 1.9317e-01,  1.9987e-02, -1.2355e-02],
          [ 3.4363e-02,  3.7445e-02,  1.4598e-01]]],


        [[[ 1.6928e-03,  1.4424e-01, -3.4120e-02],
          [ 1.0394e-01,  5.2948e-02, -1.1893e-01],
          [-2.1474e-01, -2.7373e-02,  9.4589e-03]],

         [[ 8.8034e-02,  2.0278e-01, -5.0624e-02],
          [ 4.0086e-02, -1.6297e-02, -1.3640e-01],
          [-1.0462e-01, -7.4646e-02, -1.9351e-01]],

         [[ 2.9617e-02,  2.8850e-02, -4.2992e-02],
          [ 4.8142e-02, -1.1632e-01,  7.0225e-02],
          [-1.3774e-01,  4.0522e-02, -5.1614e-02]]],


        [[[-1.1168e-01, -1.7954e-03,  8.0018e-02],
          [-1.6796e-01,  6.5073e-03, -1.2323e-01],
          [ 9.4847e-02,  3.1312e-01,  1.0732e-01]],

         [[-4.1596e-02, -2.2753e-02, -1.8878e-01],
          [-1.4873e-01, -4.2489e-02, -1.7342e-01],
          [ 1.1472e-01,  1.0528e-01,  1.1916e-01]],

         [[-9.9783e-02,  1.0213e-01, -1.1416e-01],
          [-4.8754e-03, -6.6352e-02,  1.8173e-02],
          [ 1.9770e-02,  5.6161e-02,  1.7207e-01]]],


        [[[-7.1203e-03, -7.5373e-02,  1.3081e-01],
          [-1.4778e-01,  2.4099e-02, -1.8681e-01],
          [-6.0015e-02, -7.1914e-03, -7.2477e-02]],

         [[ 2.0089e-02,  5.5464e-02, -9.6110e-02],
          [-1.0925e-01, -1.7097e-01, -2.9928e-02],
          [ 3.9710e-02, -1.1416e-02, -1.1988e-01]],

         [[ 1.6351e-01,  7.4562e-02, -6.1863e-02],
          [-1.2581e-01,  6.6368e-02, -2.7580e-02],
          [-2.5839e-02,  6.4824e-02, -6.0232e-02]]]])), ('features.0.bias', tensor([-5.8724e-09, -1.5307e-08, -3.2195e-08, -1.1845e-08,  2.2827e-08,
        -3.4131e-09, -3.8388e-08, -6.7456e-09, -2.7597e-08, -2.4373e-08,
        -2.8049e-10,  8.4787e-09, -7.9934e-09,  7.2915e-09,  1.9674e-08,
         1.2803e-08,  1.6398e-08,  1.6807e-08,  1.8197e-08, -3.9237e-09,
        -1.0672e-08, -9.2904e-10,  1.2698e-09, -3.4749e-09, -1.8590e-08,
         6.0667e-10,  1.0966e-08, -5.4688e-10,  2.0034e-08,  6.6136e-09,
        -6.4774e-09,  1.0043e-08])), ('features.1.weight', tensor([0.9824, 1.0184, 1.0250, 0.9629, 1.0142, 0.9924, 0.9749, 0.9938, 0.9800,
        1.0222, 1.0203, 1.0083, 0.9702, 1.0444, 1.0383, 0.9692, 1.0063, 0.9801,
        1.1321, 0.9976, 0.9822, 0.9941, 1.0560, 0.9882, 0.9712, 0.9699, 0.9769,
        1.0315, 0.9480, 0.9855, 1.0033, 0.9428])), ('features.1.bias', tensor([-0.0219,  0.0026,  0.0616, -0.0167,  0.0274,  0.0197, -0.0236,  0.0136,
         0.0206, -0.0897,  0.0220,  0.0111, -0.0107, -0.0320, -0.0023, -0.0056,
         0.0518, -0.0197,  0.0066, -0.0006, -0.0023, -0.0457, -0.0549, -0.0167,
        -0.0263, -0.0024,  0.0085,  0.0662, -0.0690, -0.0213,  0.0473, -0.0448])), ('features.1.running_mean', tensor([ 0.3096, -0.0579,  0.0178, -0.0610,  0.0255,  0.0126,  0.1513,  0.0803,
         0.0998, -0.0246,  0.1228, -0.1867,  0.2393,  0.0143,  0.0439,  0.0501,
        -0.0019,  0.0909,  0.0073, -0.0238, -0.0878, -0.1752,  0.0058, -0.2780,
        -0.0603,  0.1171,  0.2315,  0.0213, -0.1687,  0.1149, -0.0006,  0.2224])), ('features.1.running_var', tensor([1.4349, 0.1137, 0.8052, 0.3583, 0.1881, 0.5186, 0.4313, 0.2401, 0.4758,
        0.3732, 0.5313, 0.6017, 1.0560, 0.6703, 0.7308, 0.2853, 0.3038, 0.3146,
        1.2950, 0.3098, 0.3103, 0.7143, 0.6870, 1.2292, 0.2291, 0.5966, 0.8421,
        0.5723, 0.5225, 0.5743, 0.6496, 0.8773])), ('features.1.num_batches_tracked', tensor(501)), ('features.4.weight', tensor([[[[ 0.0391,  0.0559,  0.0233],
          [-0.0805, -0.0110, -0.0291],
          [ 0.0041,  0.0680, -0.0946]],

         [[-0.1065, -0.0799,  0.0571],
          [-0.0243, -0.0602,  0.0985],
          [ 0.0904, -0.0724, -0.0180]],

         [[-0.0414, -0.0860, -0.0386],
          [ 0.0131,  0.1144,  0.0357],
          [-0.1508, -0.0507, -0.0621]],

         ...,

         [[-0.0024, -0.0814,  0.0077],
          [-0.0489, -0.0337,  0.0287],
          [ 0.0133,  0.0416, -0.0080]],

         [[ 0.0218, -0.0366, -0.0126],
          [-0.0362, -0.0105, -0.0516],
          [-0.0140,  0.0143,  0.0767]],

         [[ 0.0844,  0.0470, -0.0351],
          [ 0.0568,  0.1077, -0.0043],
          [-0.0008,  0.0331, -0.0770]]],


        [[[ 0.0028,  0.0621, -0.0712],
          [ 0.0344, -0.0304,  0.0123],
          [-0.0049, -0.0064, -0.0377]],

         [[ 0.0882,  0.0496,  0.0448],
          [ 0.0390,  0.0291,  0.0636],
          [ 0.0147,  0.0191,  0.1117]],

         [[-0.0444,  0.0503,  0.0047],
          [-0.0356, -0.0473, -0.0522],
          [-0.0508,  0.0922,  0.0067]],

         ...,

         [[-0.0084, -0.1331,  0.0524],
          [-0.0639,  0.0050, -0.0552],
          [ 0.0085,  0.1211,  0.0857]],

         [[-0.0988,  0.0544, -0.0397],
          [ 0.1109, -0.0330, -0.0328],
          [ 0.0356, -0.0899, -0.0254]],

         [[ 0.0233, -0.0327,  0.0230],
          [ 0.0460,  0.0091,  0.0835],
          [-0.0078, -0.0086,  0.0291]]],


        [[[ 0.0516,  0.0152, -0.0344],
          [ 0.0090, -0.0450, -0.1273],
          [-0.1026, -0.0317, -0.0445]],

         [[ 0.1061,  0.0746, -0.0588],
          [ 0.0430, -0.0173, -0.0577],
          [-0.0241, -0.1507, -0.1014]],

         [[ 0.1246,  0.0371,  0.0140],
          [ 0.0162,  0.0445, -0.0083],
          [-0.0113, -0.0333, -0.0885]],

         ...,

         [[-0.0232, -0.0347,  0.0416],
          [ 0.0454, -0.0109,  0.0680],
          [ 0.0136,  0.0221,  0.0073]],

         [[ 0.0980,  0.0458,  0.0341],
          [-0.0506,  0.0450,  0.0594],
          [-0.0584, -0.0864,  0.0292]],

         [[ 0.0094, -0.0188,  0.0843],
          [ 0.0704, -0.0710, -0.0024],
          [-0.0093, -0.1153, -0.0513]]],


        ...,


        [[[-0.0820, -0.1897,  0.0166],
          [-0.0112, -0.0147, -0.0500],
          [-0.0404,  0.0414,  0.0170]],

         [[ 0.0365, -0.0261, -0.0496],
          [-0.0333, -0.0050, -0.0134],
          [ 0.1827,  0.0706, -0.0523]],

         [[ 0.0192, -0.0301, -0.0652],
          [ 0.0617,  0.0302,  0.0807],
          [-0.0111,  0.0899,  0.0369]],

         ...,

         [[ 0.0258, -0.0165, -0.0314],
          [ 0.0311,  0.0792, -0.0770],
          [ 0.0849, -0.1089, -0.0581]],

         [[ 0.0269, -0.0405, -0.1310],
          [-0.0855,  0.0977,  0.1113],
          [ 0.1239,  0.0092,  0.0705]],

         [[-0.0691,  0.0543, -0.0333],
          [ 0.0402, -0.0010,  0.0738],
          [ 0.0659,  0.0179, -0.0088]]],


        [[[-0.0648,  0.0302,  0.0093],
          [ 0.0367,  0.0037,  0.0359],
          [ 0.0471, -0.0057, -0.0810]],

         [[-0.1128, -0.1139, -0.0964],
          [ 0.0799, -0.0097, -0.0506],
          [ 0.0326, -0.0781, -0.0930]],

         [[ 0.0260,  0.0128, -0.0075],
          [-0.0670,  0.0566,  0.0103],
          [ 0.0697, -0.0897, -0.0656]],

         ...,

         [[-0.0059, -0.0549, -0.1092],
          [-0.0418, -0.0117,  0.0152],
          [ 0.0559, -0.0261, -0.0822]],

         [[ 0.0361,  0.0886,  0.0163],
          [-0.0864,  0.1549, -0.0783],
          [-0.0755,  0.0463,  0.0103]],

         [[ 0.0057, -0.0186, -0.0992],
          [-0.0246,  0.0405,  0.1389],
          [ 0.0200,  0.0197, -0.1475]]],


        [[[-0.0818,  0.0678,  0.0475],
          [-0.0150,  0.0459, -0.0871],
          [-0.0384, -0.0186,  0.0208]],

         [[ 0.0082,  0.0201,  0.0121],
          [-0.2149,  0.0474, -0.0367],
          [ 0.0345,  0.0705,  0.0446]],

         [[ 0.0171, -0.0240,  0.0298],
          [-0.0722, -0.0659, -0.0134],
          [-0.0297,  0.0428, -0.0154]],

         ...,

         [[ 0.0788, -0.0792,  0.0156],
          [-0.0137, -0.0006,  0.0712],
          [-0.0735,  0.0496,  0.0190]],

         [[-0.0338, -0.0271, -0.0375],
          [ 0.1296, -0.0203, -0.0293],
          [ 0.1006, -0.0211, -0.0474]],

         [[-0.0468,  0.0897, -0.0078],
          [-0.0575, -0.0973,  0.0158],
          [-0.0414,  0.0349,  0.0214]]]])), ('features.4.bias', tensor([ 6.0866e-10, -5.9977e-09,  2.2878e-09,  3.1902e-09, -2.7321e-10,
         7.1174e-09,  6.1621e-09,  1.3114e-08,  3.5551e-09,  1.1781e-08,
        -8.0780e-09,  6.3876e-09, -7.8578e-09, -1.4735e-09, -3.4853e-09,
         3.6525e-10,  4.1024e-09, -7.0193e-09,  4.6998e-09,  2.4690e-09,
        -1.1406e-08,  3.3501e-09,  2.8706e-09,  2.6812e-09,  2.3495e-09,
        -6.0527e-09, -1.1777e-09, -4.8958e-09, -5.2772e-10,  3.3071e-09,
         5.8172e-09,  3.9217e-09, -9.2348e-09,  5.2874e-09,  8.0415e-09,
         2.5535e-09, -1.3034e-08, -1.0298e-09, -5.7638e-09,  1.7128e-09,
         7.5912e-10,  1.2235e-08, -1.0689e-09,  1.4334e-09,  8.7210e-10,
        -1.2138e-08, -3.8770e-09,  5.6836e-09,  1.0167e-09, -2.7922e-10,
        -1.2692e-09, -1.0239e-08, -1.1085e-08,  3.2171e-09, -2.5320e-09,
        -1.7108e-08, -3.8833e-09, -7.6208e-09, -9.6715e-09,  6.7227e-09,
        -6.9832e-09,  2.2800e-09, -2.8400e-09,  4.9057e-09])), ('features.5.weight', tensor([0.9738, 0.9707, 0.9982, 0.9948, 0.9801, 1.0163, 0.9737, 1.0059, 0.9885,
        1.0166, 0.9925, 0.9808, 0.9883, 0.9939, 0.9945, 1.0151, 1.0078, 1.0218,
        1.0128, 1.0330, 1.0200, 0.9600, 0.9914, 1.0071, 0.9857, 1.0040, 1.0057,
        0.9761, 0.9824, 0.9738, 0.9649, 0.9761, 0.9997, 1.0116, 1.0142, 0.9966,
        1.0457, 0.9788, 1.0519, 0.9954, 0.9865, 0.9881, 0.9825, 0.9931, 0.9909,
        1.0046, 1.0326, 0.9774, 0.9751, 1.0120, 0.9943, 1.0145, 0.9898, 1.0480,
        1.0240, 1.0205, 0.9724, 1.0445, 0.9956, 1.0192, 0.9885, 0.9995, 0.9835,
        1.0544])), ('features.5.bias', tensor([-2.4245e-02, -1.0893e-02, -2.9087e-03, -7.4135e-03, -7.5349e-03,
        -4.9195e-03, -1.8286e-02, -8.7268e-03, -1.6464e-02, -6.8858e-03,
         9.9225e-03, -2.4183e-02, -1.1057e-02, -1.8423e-02, -6.3077e-03,
        -1.7171e-02, -2.8555e-03, -5.5229e-03,  1.7257e-03,  4.4451e-03,
         1.0770e-03, -2.5210e-02,  5.8716e-03, -1.4270e-02, -1.9360e-02,
        -2.1991e-02, -1.9914e-02, -1.3284e-02, -1.9331e-02, -2.6654e-02,
        -1.4259e-02, -8.0580e-03,  7.6036e-05, -2.9042e-02, -1.4891e-02,
        -3.5735e-03, -1.0249e-02, -1.7673e-02,  4.9098e-04, -1.1491e-02,
        -1.2939e-02, -4.7588e-02, -2.9742e-03, -6.8745e-03, -4.9717e-03,
        -6.1498e-03,  5.2085e-03, -5.6788e-03, -2.7232e-03, -1.0601e-02,
         1.1710e-02, -6.3393e-03, -1.7196e-02,  1.5821e-03,  1.0806e-05,
         1.5771e-02, -1.8956e-02,  1.1585e-02,  5.4792e-03, -5.9452e-03,
        -3.3131e-03, -4.7232e-03,  5.4110e-03, -1.1437e-03])), ('features.5.running_mean', tensor([ 0.2134, -0.8070,  0.4999, -1.3864,  1.0767, -0.3325, -0.0396, -0.8011,
         0.0188, -1.3465, -0.5978,  0.2603, -0.0073,  0.6914, -0.6006, -2.2228,
        -0.3572, -0.2263, -0.4128, -0.3706,  0.2746, -0.0240, -0.0269,  1.1823,
         0.4555, -0.3144, -0.6597,  0.1882, -0.9727, -0.3090,  1.2178, -0.1299,
         0.6716, -1.3819, -0.6381, -0.3022, -0.6664,  1.0393, -1.1606, -0.1986,
        -0.9424,  0.7434,  0.8500, -0.9896, -0.3132, -1.8642, -0.8971, -0.2558,
         1.2035,  1.3586,  0.8097,  0.4005, -0.0201, -0.0950, -1.6521, -0.4730,
        -0.3385, -0.2887, -0.9159,  0.1558, -1.0941, -0.2946, -0.1102, -0.0031])), ('features.5.running_var', tensor([1.0037, 0.6764, 0.9687, 0.9903, 0.8879, 0.6746, 0.7839, 0.9824, 1.2185,
        0.8074, 0.5281, 0.6519, 1.0214, 0.9610, 1.0635, 1.5419, 0.9166, 0.3417,
        0.8821, 0.8992, 0.6900, 0.7717, 0.5418, 1.1468, 0.6212, 0.6370, 0.5387,
        0.7330, 0.7136, 0.8497, 0.7289, 0.4687, 1.1399, 0.9351, 0.5926, 0.4437,
        1.0771, 0.8909, 0.5545, 0.6192, 0.7967, 0.5785, 0.7303, 0.6857, 0.5273,
        1.0328, 0.8369, 1.0947, 0.9893, 0.8406, 0.7745, 0.7536, 0.7053, 0.8949,
        0.8564, 0.5362, 0.7430, 1.2031, 0.8139, 0.8953, 0.7206, 0.6311, 0.5782,
        0.3846])), ('features.5.num_batches_tracked', tensor(501)), ('features.8.weight', tensor([[[[-0.1134,  0.0091, -0.0090],
          [-0.0610,  0.0208,  0.0214],
          [-0.0048,  0.0387, -0.0332]],

         [[ 0.0476, -0.0354, -0.0509],
          [ 0.0417, -0.1445,  0.0681],
          [ 0.1186, -0.0241,  0.0719]],

         [[ 0.0642, -0.0553, -0.1620],
          [-0.0154,  0.0375,  0.0291],
          [-0.0327,  0.0439,  0.0013]],

         ...,

         [[ 0.0268, -0.1024,  0.0941],
          [-0.0009, -0.0201, -0.0361],
          [-0.0321, -0.1813, -0.0275]],

         [[ 0.0242, -0.0136,  0.0629],
          [ 0.0380, -0.0500,  0.0255],
          [-0.0011,  0.0191, -0.0306]],

         [[ 0.0443,  0.0369, -0.0276],
          [-0.0334, -0.0212,  0.1056],
          [ 0.0625, -0.0032,  0.0141]]],


        [[[ 0.0737, -0.0021, -0.0172],
          [ 0.0681, -0.0668,  0.0544],
          [-0.0968, -0.0838,  0.0360]],

         [[-0.0704,  0.0221, -0.0729],
          [-0.0098, -0.0160, -0.0691],
          [ 0.0008, -0.0689,  0.0536]],

         [[-0.0335,  0.0096,  0.0035],
          [ 0.0454, -0.0103,  0.0178],
          [-0.0549,  0.0528, -0.0450]],

         ...,

         [[ 0.0648, -0.1308,  0.0197],
          [-0.0122, -0.0015, -0.0395],
          [ 0.0790, -0.0894, -0.1519]],

         [[-0.0022,  0.0166,  0.0303],
          [ 0.0315,  0.0191, -0.0082],
          [ 0.0906, -0.0497,  0.0359]],

         [[-0.0363, -0.0437, -0.0479],
          [-0.0520, -0.0214,  0.0079],
          [-0.1158,  0.0064, -0.0174]]],


        [[[ 0.0860,  0.0412,  0.0270],
          [-0.1400,  0.0041, -0.0412],
          [ 0.0648, -0.0425,  0.0686]],

         [[-0.0157,  0.0052,  0.0315],
          [-0.0634,  0.0022, -0.0008],
          [-0.0828,  0.0066,  0.0199]],

         [[-0.0061,  0.0348,  0.0189],
          [ 0.0753,  0.1123, -0.0261],
          [ 0.0039,  0.0823,  0.0648]],

         ...,

         [[-0.0666, -0.0116,  0.0077],
          [ 0.0573,  0.0696,  0.0542],
          [ 0.0217, -0.0453, -0.1049]],

         [[-0.1677,  0.0455,  0.0801],
          [ 0.0100, -0.0474, -0.0435],
          [ 0.0220,  0.0326, -0.0797]],

         [[ 0.0615, -0.0243,  0.0527],
          [-0.0196,  0.0334, -0.0328],
          [-0.0246,  0.0510, -0.1206]]],


        ...,


        [[[-0.0225, -0.0375, -0.0363],
          [ 0.0581, -0.0607, -0.1034],
          [-0.0322, -0.0793, -0.0830]],

         [[ 0.0279, -0.0106,  0.0722],
          [-0.0396,  0.0219,  0.0724],
          [ 0.0312,  0.0543, -0.0957]],

         [[ 0.0053, -0.0229,  0.0799],
          [-0.0033, -0.0052,  0.0457],
          [-0.0408, -0.0721,  0.0163]],

         ...,

         [[-0.0670, -0.0122, -0.0831],
          [-0.0279, -0.0683,  0.0176],
          [-0.1258,  0.0425, -0.0177]],

         [[ 0.0617,  0.0776,  0.0285],
          [ 0.0127, -0.0601, -0.0102],
          [ 0.1019, -0.0099,  0.0691]],

         [[-0.0708,  0.0293, -0.0279],
          [ 0.0119,  0.0292,  0.0575],
          [-0.0810, -0.0838, -0.0838]]],


        [[[ 0.0060,  0.0915, -0.0387],
          [ 0.0283,  0.0389, -0.0019],
          [ 0.0052, -0.0190, -0.0583]],

         [[-0.1144, -0.0431,  0.0536],
          [ 0.0020,  0.0822,  0.0234],
          [ 0.0501, -0.0262,  0.0605]],

         [[-0.0772,  0.0185, -0.0641],
          [-0.0290,  0.0037,  0.0473],
          [ 0.0788,  0.0183,  0.0271]],

         ...,

         [[-0.0374,  0.0030, -0.0195],
          [ 0.0234, -0.0172,  0.0034],
          [ 0.0092,  0.0694,  0.0437]],

         [[ 0.0110, -0.0304, -0.0571],
          [ 0.0090, -0.0493,  0.0406],
          [-0.0072,  0.0522,  0.0004]],

         [[-0.0454, -0.0188,  0.0060],
          [-0.0639,  0.0234, -0.0676],
          [ 0.0181, -0.0402, -0.0580]]],


        [[[ 0.0508,  0.0452, -0.0107],
          [-0.0334, -0.0016,  0.0039],
          [ 0.0472, -0.1605, -0.0432]],

         [[ 0.0765,  0.0160, -0.0314],
          [-0.0100, -0.0784,  0.0902],
          [ 0.0009, -0.0086,  0.0577]],

         [[-0.0586, -0.0121,  0.0220],
          [-0.0599,  0.0724, -0.0963],
          [-0.0053,  0.0641,  0.0200]],

         ...,

         [[ 0.0863, -0.0869,  0.0541],
          [ 0.0500, -0.0438,  0.0722],
          [ 0.0691,  0.0359, -0.0676]],

         [[ 0.0152, -0.0515, -0.0795],
          [-0.0922, -0.0362, -0.0124],
          [-0.0656, -0.0943, -0.0666]],

         [[-0.0274,  0.0983, -0.0603],
          [-0.0192,  0.0284, -0.0100],
          [-0.0240,  0.0711, -0.0221]]]])), ('features.8.bias', tensor([ 1.3059e-09, -2.8234e-09,  5.7848e-09,  1.0438e-10, -2.9996e-09,
         3.2088e-09, -1.8817e-09,  3.7646e-09,  8.1293e-09,  2.1269e-09,
         1.6512e-09, -1.9441e-09, -5.5303e-09, -1.8060e-09, -1.8335e-09,
         5.9343e-09,  1.9372e-09, -3.3344e-09,  1.1915e-09, -5.3652e-09,
         2.1440e-09, -9.2197e-10,  2.5545e-09, -3.2783e-10, -1.7663e-09,
         3.0266e-09,  2.0236e-09, -2.6052e-09,  1.6253e-09,  3.2909e-09,
        -5.6296e-09,  3.3406e-09,  5.5164e-10,  4.9801e-09, -3.1758e-09,
        -1.5656e-09,  7.4041e-09, -1.6089e-09,  1.2931e-09, -4.9665e-10,
         5.6566e-09,  3.1802e-09,  5.4693e-10, -2.5004e-09,  3.8751e-09,
         1.9241e-09, -3.1332e-09, -3.3656e-09, -4.7715e-09, -3.0566e-09,
        -5.5815e-09,  4.1638e-09, -2.8135e-09,  5.8934e-09, -3.3517e-09,
         1.4356e-09, -1.0511e-10, -1.6228e-09,  4.3087e-10, -4.2868e-09,
         4.4192e-09,  3.1406e-10,  2.0577e-09,  9.2601e-10])), ('features.9.weight', tensor([0.9993, 0.9837, 0.9891, 0.9886, 1.0105, 1.0245, 0.9953, 0.9745, 1.0169,
        0.9931, 1.0251, 0.9978, 1.0080, 0.9964, 0.9960, 0.9956, 1.0030, 1.0107,
        1.0022, 1.0163, 1.0176, 1.0153, 0.9964, 1.0181, 0.9581, 1.0054, 1.0066,
        0.9816, 1.0023, 1.0033, 1.0134, 0.9949, 1.0014, 0.9957, 0.9911, 0.9931,
        1.0238, 0.9960, 1.0091, 0.9915, 0.9974, 0.9905, 0.9832, 0.9994, 0.9917,
        1.0180, 1.0220, 0.9601, 1.0000, 0.9860, 0.9956, 1.0097, 1.0096, 0.9930,
        1.0258, 0.9885, 0.9799, 1.0088, 1.0022, 1.0012, 1.0043, 0.9841, 0.9788,
        0.9866])), ('features.9.bias', tensor([-0.0169, -0.0263, -0.0401, -0.0345, -0.0116, -0.0204, -0.0211, -0.0339,
        -0.0257, -0.0334, -0.0124, -0.0401, -0.0178, -0.0247, -0.0312, -0.0233,
        -0.0162, -0.0344, -0.0220, -0.0304, -0.0027, -0.0259, -0.0258, -0.0335,
        -0.0332, -0.0242, -0.0333, -0.0425, -0.0287, -0.0327, -0.0242, -0.0342,
        -0.0048, -0.0254, -0.0333, -0.0235,  0.0058, -0.0382, -0.0346, -0.0292,
        -0.0161, -0.0479, -0.0369, -0.0162, -0.0468, -0.0130, -0.0007, -0.0411,
        -0.0192, -0.0321, -0.0278, -0.0287, -0.0101, -0.0320, -0.0329, -0.0249,
        -0.0350, -0.0258, -0.0341, -0.0561, -0.0232, -0.0472, -0.0335, -0.0397])), ('features.9.running_mean', tensor([-0.5883,  0.0398,  0.9769, -1.9814, -0.1783, -0.5900,  0.4084, -1.1760,
        -0.7342, -2.1059,  0.7493, -0.3477, -0.3328,  0.7179,  0.5511, -0.1848,
        -1.4265, -1.2895, -1.7657, -0.3067, -1.4982, -2.0205, -0.9593,  0.6568,
         1.4897, -1.3442, -0.9383,  0.5354, -0.5089, -1.1500,  1.0450, -0.6282,
         0.5845,  0.0662, -0.5891,  0.8758,  0.1469, -0.9251, -0.6491, -0.3827,
         0.0129, -0.3733,  1.4135, -1.0481, -0.3190,  0.0030,  0.5741,  1.3850,
        -1.1853,  0.6519,  0.8741, -1.5279,  0.3453, -1.1764, -0.4941, -0.1046,
         0.2986,  0.6750,  0.7949, -1.3587, -0.7499, -1.3922,  0.8771, -0.8240])), ('features.9.running_var', tensor([1.5317, 0.7447, 1.0720, 1.1621, 1.1750, 1.0772, 0.9555, 0.8995, 1.5877,
        1.0339, 1.1509, 1.1866, 0.9469, 1.1981, 0.9953, 1.4379, 1.3905, 1.4512,
        1.2756, 1.0153, 1.8268, 1.6816, 1.4002, 0.8426, 1.3232, 1.0440, 1.4899,
        0.9830, 1.1977, 1.4265, 1.0800, 1.6742, 1.0424, 0.8238, 1.1545, 0.7331,
        1.0083, 1.2748, 1.7264, 1.0691, 1.1055, 1.3998, 0.9237, 0.9267, 1.3819,
        0.7920, 1.1812, 1.1851, 0.8928, 1.1678, 1.3021, 1.1350, 1.0246, 1.3261,
        1.4341, 1.1984, 1.1136, 0.7259, 0.8704, 1.5863, 1.1478, 1.0201, 0.8708,
        1.0562])), ('features.9.num_batches_tracked', tensor(501)), ('denses.0.weight', tensor([[ 0.0185,  0.0043,  0.0037,  ..., -0.0148, -0.0105,  0.0166],
        [ 0.0037, -0.0094, -0.0009,  ..., -0.0078,  0.0083,  0.0040],
        [ 0.0023, -0.0018,  0.0078,  ..., -0.0078, -0.0177,  0.0079],
        ...,
        [ 0.0116,  0.0070, -0.0072,  ..., -0.0026,  0.0265, -0.0048],
        [-0.0053,  0.0008, -0.0035,  ...,  0.0042,  0.0096, -0.0066],
        [-0.0016,  0.0221,  0.0027,  ..., -0.0099, -0.0121,  0.0040]])), ('denses.0.bias', tensor([ 7.6441e-04, -1.0533e-03,  1.0428e-03, -1.3451e-03,  7.2080e-04,
         3.2965e-04,  6.5326e-04, -2.2334e-04, -1.5026e-03,  1.7115e-03,
        -9.7758e-04, -5.7774e-04,  1.6308e-04, -1.9376e-03, -9.2060e-04,
        -1.4597e-03, -6.4030e-03,  6.9615e-04, -1.0860e-03, -2.2883e-04,
         6.8314e-05, -1.9260e-03, -3.4334e-03,  3.1621e-03,  7.3045e-04,
        -2.5172e-03,  1.8883e-03,  3.4935e-06,  9.0636e-04,  1.8161e-03,
         2.8477e-03,  9.0165e-04,  2.1624e-03, -1.0533e-03,  7.9353e-05,
        -4.0634e-05,  2.1926e-03, -1.1487e-03,  1.9666e-03, -8.2742e-04,
         1.7140e-03,  3.6627e-03, -4.2309e-04, -3.5393e-03,  2.6191e-03,
        -3.5131e-03, -2.4773e-03, -8.8648e-04,  1.3641e-03, -2.0791e-03,
         1.3949e-04,  1.0326e-03, -3.1355e-04,  1.5604e-03, -1.5051e-03,
         5.1576e-03,  1.3892e-03, -1.3371e-03,  1.9230e-04,  1.6883e-03,
         2.6877e-03, -8.7539e-04, -7.1552e-04,  1.3762e-03,  1.2735e-03,
        -5.6983e-05,  1.9158e-03, -1.1826e-03,  2.6569e-04,  7.7136e-04,
        -6.8123e-04,  5.8171e-04, -2.6389e-03, -1.8853e-03,  1.4679e-03,
         1.8348e-04,  4.7468e-03, -5.4189e-04, -5.8195e-04,  1.0197e-03,
         6.0088e-03, -3.9666e-04, -4.6635e-04, -1.7808e-03, -1.2194e-03,
        -2.3232e-05,  1.9697e-03,  1.3030e-03, -5.0944e-03,  7.1725e-03,
        -2.6096e-03,  1.2201e-03,  2.4597e-03,  1.5007e-03,  4.2748e-03,
         4.0861e-04,  7.5745e-04,  5.4766e-04, -3.3342e-04,  4.3796e-04,
         1.3521e-03, -1.1840e-03,  7.2180e-04,  2.3889e-03,  1.8795e-03,
         4.0726e-03,  1.2073e-03, -3.1975e-03, -4.7967e-04, -1.0594e-03,
        -3.7971e-03, -1.9337e-03, -2.2332e-04,  5.5127e-03, -2.9335e-03,
         4.9117e-04, -1.1930e-04,  1.9322e-04, -2.8632e-03, -1.7211e-03,
        -2.0090e-03, -1.2101e-03, -2.3734e-03, -4.3549e-04, -2.1186e-03,
         2.1639e-03,  8.1302e-04, -2.4386e-03])), ('denses.1.weight', tensor([[ 0.0163,  0.0397, -0.0005,  ..., -0.0859, -0.0155,  0.0361],
        [-0.1169, -0.0442, -0.0867,  ...,  0.0179, -0.0360, -0.0280],
        [ 0.0072,  0.0300,  0.0619,  ..., -0.0400,  0.0338,  0.0384],
        ...,
        [ 0.0758,  0.0535,  0.0709,  ..., -0.0257,  0.0147, -0.0048],
        [-0.0308, -0.0850, -0.0827,  ..., -0.0013, -0.0351, -0.0260],
        [-0.0633, -0.0185, -0.0381,  ...,  0.0187,  0.0749, -0.1473]])), ('denses.1.bias', tensor([-0.0366, -0.0244,  0.0215,  0.0665,  0.0411, -0.0226, -0.0422,  0.0105,
        -0.0516,  0.0379]))]), 16666.666666666668)