(OrderedDict([('features.0.weight', tensor([[[[ 4.7949e-02, -5.3337e-02,  5.3101e-02],
          [ 2.6364e-02, -7.5617e-04, -4.5045e-02],
          [-8.5402e-02, -2.7268e-02, -2.2298e-02]],

         [[-1.8635e-02, -1.3711e-01,  6.2922e-02],
          [-1.1085e-01,  2.0115e-02, -1.3777e-01],
          [-6.2911e-02, -5.5146e-02, -1.1351e-01]],

         [[ 2.6196e-02, -1.6643e-01,  1.0821e-01],
          [-2.7271e-03, -8.2806e-02,  7.7473e-02],
          [-2.7798e-02, -1.9385e-01, -1.8969e-02]]],


        [[[-2.0693e-01, -8.1074e-02, -4.0710e-02],
          [-1.3317e-01, -5.8835e-02,  1.0001e-01],
          [-4.6920e-03,  7.8297e-02,  1.6369e-01]],

         [[ 1.1058e-01, -2.5762e-03,  7.4865e-02],
          [ 1.5904e-02,  1.3357e-01,  3.9470e-02],
          [ 1.0184e-01, -3.6011e-02,  7.7540e-03]],

         [[-6.4618e-02,  6.2578e-02,  1.0406e-01],
          [ 1.6338e-01,  4.1480e-02,  6.6133e-02],
          [-4.6292e-02,  1.6139e-02, -1.2004e-01]]],


        [[[-6.2845e-02, -2.4299e-01, -1.5487e-02],
          [ 1.1505e-01, -5.1753e-02,  5.6709e-02],
          [-2.6353e-02,  2.1275e-01,  1.2938e-01]],

         [[-1.1490e-01, -8.8168e-02, -1.5922e-01],
          [-1.2856e-02, -6.3442e-02, -1.0688e-01],
          [ 2.4263e-01,  1.9517e-01,  6.9027e-02]],

         [[-2.2797e-02,  7.5493e-02, -7.4397e-02],
          [-4.0894e-02, -6.7241e-02,  7.9591e-02],
          [ 3.7768e-02, -2.6416e-02,  8.2947e-02]]],


        [[[-1.9562e-01, -2.1785e-02, -1.5638e-01],
          [-3.6175e-02,  3.4913e-02, -7.6435e-02],
          [ 4.0723e-02, -1.7551e-01, -2.5385e-02]],

         [[-4.3049e-02, -3.9346e-02,  1.4731e-03],
          [-3.0572e-02,  9.0479e-02,  1.0329e-01],
          [ 8.1865e-04,  6.1103e-02, -1.0128e-02]],

         [[ 1.5394e-01,  9.0157e-02,  2.5453e-02],
          [ 1.2576e-01,  5.2996e-02,  9.8651e-02],
          [-5.4864e-02,  4.1990e-02,  1.0875e-01]]],


        [[[ 3.7402e-01, -1.2054e-01,  5.1921e-03],
          [-4.2605e-02, -1.2179e-01,  2.2184e-01],
          [-2.4144e-02,  9.9187e-02, -1.8586e-01]],

         [[ 1.4092e-01, -2.5668e-01,  5.2579e-02],
          [-9.0873e-02, -1.9690e-01,  8.9326e-02],
          [-1.4642e-02,  2.1387e-01, -1.9394e-02]],

         [[ 2.3955e-02, -2.3839e-01,  7.3664e-02],
          [ 9.0924e-03, -2.4599e-02,  1.8948e-01],
          [-1.0908e-01,  3.0900e-01, -1.1085e-01]]],


        [[[-1.7240e-01, -5.0779e-02,  9.9610e-03],
          [-2.1805e-01, -1.6165e-03, -1.2709e-02],
          [-1.9307e-02, -1.9590e-01, -1.3310e-02]],

         [[ 6.8007e-02, -1.4277e-01, -1.2351e-01],
          [ 1.5274e-01, -8.8083e-02,  2.6638e-02],
          [-8.4040e-02, -2.1170e-02, -7.0711e-02]],

         [[ 3.1170e-02,  8.0121e-03,  1.3834e-02],
          [ 2.9068e-01,  1.8333e-01,  1.4923e-01],
          [ 1.2766e-01,  4.1650e-02,  6.7801e-02]]],


        [[[ 3.2795e-02,  3.9509e-02, -2.8680e-02],
          [ 7.1330e-02,  5.4438e-02,  4.6901e-03],
          [ 8.7068e-02, -8.2276e-03,  1.3817e-01]],

         [[-9.1309e-02, -4.5479e-02, -6.6849e-02],
          [-8.0830e-02, -1.6130e-01, -2.1279e-01],
          [-2.2198e-01, -1.3367e-01,  9.2235e-02]],

         [[ 1.2010e-01,  1.1344e-01,  3.1016e-02],
          [-9.7186e-03, -3.5944e-02, -2.7509e-02],
          [-9.1912e-02, -9.4443e-02, -6.6215e-03]]],


        [[[ 4.2135e-02, -1.7346e-02,  1.4665e-01],
          [-8.8154e-03,  1.3132e-01,  6.2902e-02],
          [ 1.1847e-01, -3.8982e-02, -1.4910e-01]],

         [[ 2.2854e-02, -1.7440e-01, -5.8771e-02],
          [-6.9546e-02, -1.4575e-01, -2.2447e-01],
          [ 1.5610e-01,  3.5780e-04, -1.1073e-01]],

         [[-1.3089e-01,  9.9955e-03,  1.7945e-01],
          [ 6.1139e-03,  3.1085e-02, -7.0730e-02],
          [ 6.9517e-02,  9.0476e-03, -1.1002e-02]]],


        [[[-1.8837e-01, -5.4653e-03,  7.4226e-02],
          [-5.6881e-02, -5.0746e-02,  8.2276e-02],
          [ 7.4550e-02,  7.4248e-02, -9.1374e-02]],

         [[-2.5119e-02, -1.7160e-01,  1.2148e-01],
          [-9.3151e-02, -2.1720e-02, -4.1228e-02],
          [ 7.5666e-03,  1.6073e-01,  9.4017e-04]],

         [[-1.5004e-01, -4.9076e-02, -3.8535e-03],
          [-5.6535e-02,  3.3658e-02,  5.2215e-02],
          [-2.2818e-02,  1.4032e-02, -4.5897e-02]]],


        [[[ 1.4029e-01,  2.1815e-01,  6.3136e-02],
          [ 1.4807e-01,  2.3771e-02,  1.4062e-01],
          [-2.0638e-02,  8.8878e-02, -2.7908e-02]],

         [[-1.2790e-02, -1.3754e-01, -1.6853e-01],
          [-4.2259e-02, -2.2544e-03, -1.5931e-03],
          [-1.7397e-01, -1.6603e-01, -1.5432e-01]],

         [[-4.7069e-02, -1.1739e-01, -9.2991e-03],
          [-3.4130e-02, -6.4174e-02, -1.4615e-01],
          [ 2.0647e-01,  2.0138e-02,  5.3878e-02]]],


        [[[-1.3758e-01,  1.5883e-02,  4.4914e-02],
          [-4.7413e-02, -7.5109e-02,  8.4506e-02],
          [ 2.0647e-02, -7.7481e-02,  1.5659e-01]],

         [[ 9.9426e-02, -2.2495e-01, -1.5668e-01],
          [ 7.7830e-02, -2.6479e-02, -8.9600e-02],
          [-1.0959e-01,  1.4997e-01,  9.0528e-02]],

         [[-9.8809e-02, -1.7029e-01,  8.4013e-02],
          [-6.0873e-02,  2.2565e-02,  1.2868e-01],
          [-1.6336e-01, -5.3718e-02, -2.7793e-02]]],


        [[[-5.2270e-02,  7.4639e-02,  2.2316e-02],
          [ 2.6257e-02,  9.2478e-02,  8.5796e-02],
          [ 4.8649e-02, -3.3834e-02,  5.4097e-02]],

         [[-1.0595e-01, -3.6725e-03, -5.3505e-02],
          [ 4.5552e-02, -6.1331e-02, -2.4523e-02],
          [-2.5549e-02,  3.8058e-03, -1.0735e-01]],

         [[ 4.4748e-02,  5.4934e-02,  1.6051e-01],
          [ 1.2001e-01, -4.5571e-02,  2.0684e-02],
          [ 8.7158e-02,  2.3467e-01, -8.3304e-02]]],


        [[[ 3.8442e-02,  6.6380e-02, -2.8893e-02],
          [-1.2528e-01, -6.5071e-02, -8.6601e-03],
          [-5.6246e-02,  8.5623e-02, -1.6889e-03]],

         [[ 5.2473e-02,  7.6597e-02,  5.9317e-02],
          [-1.3234e-01, -1.4646e-01, -1.2931e-02],
          [-6.2841e-02, -1.9135e-02,  3.7412e-02]],

         [[ 4.6176e-02,  1.8554e-01, -7.2746e-02],
          [-1.4663e-01, -4.7478e-02, -1.5276e-01],
          [-7.5141e-02, -4.5138e-02, -1.5058e-01]]],


        [[[ 1.7255e-02,  1.6233e-01,  1.3371e-01],
          [-2.6913e-02, -6.8995e-02,  3.8327e-02],
          [-6.2519e-02, -2.0524e-01, -2.9517e-02]],

         [[ 1.6700e-01,  1.3996e-01, -6.9299e-02],
          [ 1.7894e-01,  4.8314e-02, -6.7151e-02],
          [-2.1718e-01, -1.2352e-01, -7.7568e-03]],

         [[ 1.7216e-01, -4.2288e-03,  8.0843e-02],
          [ 2.3530e-02,  2.7894e-02, -1.5393e-01],
          [-2.9503e-02, -4.8071e-02,  3.2831e-02]]],


        [[[ 8.6992e-03,  7.9127e-02,  2.3186e-01],
          [-9.1989e-02, -6.0264e-02,  1.9369e-01],
          [-1.0179e-01, -3.2356e-02, -1.3725e-01]],

         [[-1.0525e-01,  1.2161e-01,  5.8958e-02],
          [-9.4843e-02,  3.9750e-02,  1.7584e-02],
          [-1.2378e-01, -8.4684e-02,  1.8952e-02]],

         [[ 1.4701e-01,  7.3221e-02,  9.4529e-02],
          [ 1.0554e-02, -5.0353e-02,  3.1000e-02],
          [ 9.6098e-03, -1.4329e-01,  8.5040e-02]]],


        [[[ 5.7755e-02,  6.6444e-02, -5.0256e-02],
          [-2.9538e-02, -3.2989e-02,  4.4408e-02],
          [-6.4021e-02, -5.8762e-02,  6.7141e-02]],

         [[ 1.2305e-01,  2.3825e-01, -1.0409e-01],
          [ 2.4509e-02,  1.6040e-01,  6.9965e-02],
          [-8.5590e-02,  7.4291e-02,  1.9436e-01]],

         [[-4.5969e-02, -7.7565e-02, -1.0234e-01],
          [-3.8670e-02, -1.5567e-01, -7.8956e-02],
          [-1.3695e-01, -1.9237e-01, -5.9113e-02]]],


        [[[-1.3208e-01, -1.6709e-01,  1.2647e-01],
          [ 4.9693e-02, -1.4646e-02,  3.5579e-02],
          [ 1.6879e-01,  5.5440e-02,  1.1399e-02]],

         [[ 4.9345e-02, -1.3599e-01, -1.3471e-01],
          [ 2.4804e-02,  5.3999e-02,  2.4599e-02],
          [ 4.6582e-02,  2.0201e-01,  3.6143e-02]],

         [[-4.3147e-02, -8.5408e-02,  1.3304e-01],
          [-8.5863e-02,  1.0489e-02, -1.9812e-01],
          [-4.8239e-02,  1.2978e-01,  1.4155e-02]]],


        [[[-2.3152e-01, -7.5382e-02,  1.4950e-01],
          [ 1.0374e-03,  6.9807e-02, -5.4994e-02],
          [ 1.8140e-02,  4.1447e-02,  1.4712e-02]],

         [[-1.1798e-02,  1.2194e-02, -8.2335e-02],
          [-9.6115e-02, -1.1212e-01,  5.2151e-02],
          [-7.8208e-02, -1.5651e-01, -5.7440e-02]],

         [[-1.5397e-02,  2.0506e-01,  8.0417e-02],
          [-5.5131e-02, -4.3778e-02,  3.9210e-02],
          [-6.1717e-02,  1.1351e-02,  1.1254e-01]]],


        [[[-9.5541e-02, -8.6780e-03,  2.0267e-01],
          [-1.4617e-02,  2.8513e-02,  9.3056e-02],
          [-2.3594e-02,  1.1544e-02, -3.4846e-03]],

         [[-2.8723e-01, -6.8635e-02,  1.7853e-01],
          [-8.8134e-02, -2.2063e-02,  1.4847e-01],
          [-1.6317e-01,  1.1673e-01,  4.6112e-02]],

         [[-1.1964e-01, -1.4289e-02,  2.8737e-01],
          [-1.9330e-01, -1.0602e-01,  1.9322e-01],
          [-1.9459e-02,  6.2235e-02,  2.0475e-02]]],


        [[[ 6.3695e-02, -1.2410e-01,  1.0012e-01],
          [ 3.7631e-02, -1.5155e-01,  5.1388e-02],
          [ 7.2805e-02, -1.0499e-01,  4.6399e-02]],

         [[-2.5816e-02, -1.3921e-01,  9.5347e-02],
          [-2.8072e-02,  5.0315e-04,  9.4191e-02],
          [ 6.8087e-02, -1.9856e-01, -6.0924e-02]],

         [[ 6.9113e-02, -2.2864e-02,  1.2440e-01],
          [ 2.4473e-01,  7.2831e-02,  8.0159e-02],
          [ 7.3415e-02, -6.8674e-02,  4.7353e-03]]],


        [[[ 4.7691e-02, -1.4269e-01,  1.1480e-01],
          [ 1.6506e-01,  2.6138e-02, -1.4330e-01],
          [ 1.0066e-01, -9.5471e-02,  9.1000e-02]],

         [[-1.8243e-02, -9.8052e-02,  1.1502e-01],
          [ 6.8547e-02,  8.2177e-02, -5.3936e-03],
          [-1.9973e-02, -2.4398e-01,  6.9108e-02]],

         [[-4.1566e-02,  3.4460e-02,  1.1561e-01],
          [ 1.3657e-01, -1.0041e-01, -2.7544e-02],
          [ 3.4492e-02, -9.6691e-02,  7.8973e-02]]],


        [[[-7.7564e-02,  4.0470e-02,  1.5941e-01],
          [ 5.1991e-02,  6.7964e-02,  1.2541e-01],
          [ 6.1074e-02,  1.4429e-02,  8.3273e-02]],

         [[ 8.9511e-02,  7.8420e-02,  6.2734e-02],
          [-4.4098e-02,  6.4915e-02,  3.1281e-02],
          [-1.7105e-01, -4.7882e-02, -3.6417e-02]],

         [[-2.3756e-02,  1.1313e-01,  6.2904e-02],
          [-2.3085e-02, -7.0118e-02, -2.7487e-02],
          [ 6.6706e-02,  1.1866e-03,  8.2606e-02]]],


        [[[ 2.1084e-01, -2.8909e-02, -5.6393e-02],
          [ 6.8101e-02,  8.2111e-02,  4.4339e-02],
          [ 2.6136e-02,  3.6668e-02,  5.8186e-02]],

         [[ 3.9398e-03, -4.2960e-02, -9.4506e-02],
          [-1.2404e-02, -1.2158e-01, -1.3302e-01],
          [ 1.7065e-01, -1.3135e-02, -1.7147e-01]],

         [[ 7.0464e-02, -4.6803e-03, -1.1095e-01],
          [ 1.5184e-01,  6.9701e-02, -1.1693e-01],
          [ 9.5915e-02,  8.4169e-02,  1.5576e-02]]],


        [[[ 5.0684e-02,  1.0951e-01, -2.2561e-02],
          [ 3.7694e-02,  1.0414e-02,  5.2637e-02],
          [ 4.9315e-02,  1.2909e-01,  6.1349e-02]],

         [[-7.0382e-02,  1.1923e-01, -5.5038e-02],
          [ 1.5660e-02,  1.4318e-01,  3.4068e-02],
          [ 9.8755e-02,  1.8759e-02,  8.5105e-02]],

         [[-4.0970e-02, -1.7817e-02,  1.2914e-02],
          [ 1.3618e-01, -5.8399e-02, -3.3064e-02],
          [-4.2202e-02,  1.8424e-02, -2.5806e-02]]],


        [[[ 1.6023e-01,  5.4652e-02, -8.1432e-02],
          [-5.1529e-02, -4.5530e-02, -3.9930e-02],
          [ 1.5469e-02, -1.4902e-01, -2.4124e-02]],

         [[-3.5461e-02,  1.7927e-02,  4.4480e-02],
          [ 2.7238e-02, -5.9862e-02,  4.2306e-02],
          [-7.7540e-02,  8.4707e-02, -1.0603e-01]],

         [[ 1.8059e-02,  4.3685e-02,  1.2321e-01],
          [ 4.2959e-02,  1.2934e-01, -8.2075e-02],
          [ 6.5516e-02,  8.3871e-02,  1.2446e-01]]],


        [[[ 6.4909e-03, -8.6129e-02, -2.5758e-01],
          [-1.0958e-01,  2.9781e-02, -7.1135e-02],
          [ 2.1828e-02, -1.2424e-01, -4.6792e-02]],

         [[-4.4590e-02, -4.6345e-02,  2.0174e-02],
          [-1.3503e-01,  3.5719e-02,  1.1812e-02],
          [ 7.0399e-02, -1.5984e-02,  7.8219e-02]],

         [[-5.8961e-02, -8.9256e-02,  8.8194e-02],
          [ 3.9491e-02, -9.3174e-02, -2.3812e-03],
          [ 1.2586e-01,  1.3707e-01,  1.3664e-01]]],


        [[[-5.8202e-02,  7.1384e-02, -1.1513e-01],
          [-1.6189e-02, -1.1164e-01,  4.3400e-02],
          [-7.3923e-02, -8.4342e-02,  3.1235e-02]],

         [[-1.2603e-02, -1.7100e-02,  6.1754e-02],
          [-1.8532e-01, -1.3448e-01, -6.5123e-02],
          [ 3.2633e-02,  5.6690e-02, -8.3632e-02]],

         [[ 3.6667e-02, -6.2706e-02, -1.7449e-01],
          [-5.2398e-02, -9.4519e-02,  3.6730e-02],
          [ 1.4349e-02,  6.8610e-02,  1.4225e-01]]],


        [[[-6.0266e-03, -5.0422e-02, -8.7755e-02],
          [ 1.4552e-01, -2.2380e-02, -4.4269e-02],
          [-1.0328e-01,  9.4377e-02, -1.5941e-01]],

         [[ 1.0519e-01,  6.3567e-02,  2.7603e-02],
          [ 8.2504e-02,  1.5440e-01, -2.1786e-02],
          [ 6.4369e-02,  9.8529e-02, -2.7302e-01]],

         [[ 1.2234e-02,  1.6985e-01, -1.8872e-01],
          [ 6.6763e-03, -1.1776e-01, -2.6918e-02],
          [ 8.9457e-02, -1.6857e-02, -5.1875e-02]]],


        [[[-9.1734e-02, -2.3440e-02, -2.1790e-02],
          [ 4.2808e-02,  1.1782e-01, -7.5405e-02],
          [ 6.1384e-02,  6.3556e-02,  2.3434e-02]],

         [[-6.8152e-02, -3.1229e-02,  8.7506e-02],
          [-1.7609e-02, -9.3601e-02,  1.1517e-01],
          [-1.5197e-01,  6.7408e-02, -5.4197e-03]],

         [[ 4.6581e-02,  6.9330e-02,  2.4819e-02],
          [ 1.8043e-01,  4.3662e-04, -1.2194e-02],
          [-2.9117e-04,  9.0495e-03,  1.4276e-01]]],


        [[[-3.2429e-02,  1.1909e-01, -5.2395e-02],
          [ 6.1138e-02,  3.7221e-02, -1.0823e-01],
          [-2.3691e-01, -1.9472e-02,  3.0277e-02]],

         [[ 7.4922e-02,  1.9648e-01, -5.1981e-02],
          [ 1.2701e-02, -1.7751e-02, -1.1734e-01],
          [-1.1124e-01, -5.9206e-02, -1.7305e-01]],

         [[ 5.3043e-02,  4.6859e-02, -3.2621e-02],
          [ 4.2552e-02, -1.0696e-01,  8.7770e-02],
          [-1.3412e-01,  5.5895e-02, -3.9092e-02]]],


        [[[-7.7763e-02,  1.1729e-03,  1.0221e-01],
          [-1.5108e-01, -6.8059e-03, -1.1977e-01],
          [ 9.8051e-02,  2.9055e-01,  9.4457e-02]],

         [[ 1.6444e-03, -1.5347e-02, -1.7357e-01],
          [-1.2303e-01, -5.1245e-02, -1.7079e-01],
          [ 1.2133e-01,  8.2552e-02,  1.0715e-01]],

         [[-6.3084e-02,  1.0427e-01, -1.1340e-01],
          [ 1.8507e-02, -7.3791e-02,  1.3413e-02],
          [ 1.5462e-02,  2.8799e-02,  1.5215e-01]]],


        [[[-2.6327e-02, -9.4163e-02,  1.3132e-01],
          [-1.5738e-01,  1.3031e-02, -1.7161e-01],
          [-7.8231e-02, -3.0888e-02, -5.8659e-02]],

         [[ 3.8326e-03,  4.4661e-02, -8.6618e-02],
          [-1.1601e-01, -1.7486e-01, -9.1612e-03],
          [ 2.7625e-02, -2.9373e-02, -1.0012e-01]],

         [[ 1.6282e-01,  7.8883e-02, -3.7132e-02],
          [-1.2002e-01,  7.6686e-02,  9.0892e-03],
          [-2.1782e-02,  6.6867e-02, -1.8230e-02]]]])), ('features.0.bias', tensor([-1.2697e-09, -2.3267e-08, -5.7162e-09, -2.5779e-10, -4.6954e-08,
        -3.6155e-09, -1.8052e-08,  1.8325e-09, -1.9157e-08, -6.0446e-09,
         7.8626e-09, -3.7130e-09, -1.0154e-08,  2.4405e-08,  1.5466e-09,
        -9.7120e-09,  2.5279e-08,  4.0434e-09,  3.8103e-08, -1.7427e-08,
         1.5749e-08,  1.9114e-09,  9.6266e-09, -1.0019e-08, -1.2883e-08,
         1.9983e-08,  7.2178e-09, -1.2472e-08,  5.4152e-10, -1.4466e-08,
        -9.7199e-09,  4.1388e-09])), ('features.1.weight', tensor([0.9877, 0.9748, 1.0242, 0.9749, 1.0190, 1.0081, 0.9745, 0.9971, 0.9836,
        1.0409, 1.0035, 0.9958, 0.9812, 1.0024, 1.0219, 1.0003, 0.9825, 0.9846,
        1.0861, 1.0041, 0.9894, 1.0087, 1.0218, 1.0002, 0.9905, 0.9824, 0.9943,
        1.0211, 0.9654, 0.9983, 1.0106, 0.9637])), ('features.1.bias', tensor([-0.0125, -0.0237,  0.0507, -0.0216,  0.0440,  0.0464, -0.0147,  0.0077,
         0.0180, -0.0475,  0.0095, -0.0092, -0.0167, -0.0208, -0.0117,  0.0031,
         0.0270, -0.0078, -0.0149,  0.0036, -0.0012, -0.0184, -0.0161, -0.0030,
        -0.0172, -0.0150,  0.0171,  0.0329, -0.0379, -0.0159,  0.0477, -0.0602])), ('features.1.running_mean', tensor([ 0.2915, -0.0622,  0.0176, -0.0593, -0.0197,  0.0247,  0.1194,  0.1042,
         0.0759,  0.0206,  0.1354, -0.1683,  0.2118, -0.0413,  0.0102,  0.0439,
         0.0168,  0.1178, -0.0447, -0.1002, -0.0926, -0.2143, -0.0618, -0.2544,
        -0.0880,  0.1412,  0.2360, -0.0170, -0.1427,  0.1465,  0.0263,  0.2299])), ('features.1.running_var', tensor([1.3507, 0.2128, 0.6384, 0.3189, 0.1635, 0.4257, 0.3473, 0.2687, 0.3063,
        0.2340, 0.5173, 0.5141, 0.9423, 0.5828, 0.5423, 0.3013, 0.3006, 0.3358,
        0.9825, 0.4806, 0.2857, 0.8294, 0.4780, 0.9573, 0.2681, 0.5314, 0.8808,
        0.3695, 0.3879, 0.6080, 0.4801, 0.8488])), ('features.1.num_batches_tracked', tensor(334)), ('features.4.weight', tensor([[[[ 0.0406,  0.0590,  0.0311],
          [-0.0790, -0.0065, -0.0198],
          [ 0.0051,  0.0714, -0.0863]],

         [[-0.1026, -0.0709,  0.0588],
          [-0.0208, -0.0550,  0.0977],
          [ 0.0987, -0.0670, -0.0140]],

         [[-0.0392, -0.0848, -0.0341],
          [ 0.0172,  0.1209,  0.0403],
          [-0.1454, -0.0437, -0.0568]],

         ...,

         [[ 0.0004, -0.0726,  0.0197],
          [-0.0461, -0.0248,  0.0365],
          [ 0.0183,  0.0524, -0.0034]],

         [[ 0.0218, -0.0377, -0.0107],
          [-0.0321, -0.0056, -0.0483],
          [-0.0103,  0.0190,  0.0784]],

         [[ 0.0893,  0.0534, -0.0242],
          [ 0.0616,  0.1174,  0.0062],
          [ 0.0022,  0.0407, -0.0693]]],


        [[[ 0.0036,  0.0698, -0.0683],
          [ 0.0306, -0.0253,  0.0116],
          [-0.0102, -0.0048, -0.0428]],

         [[ 0.0832,  0.0404,  0.0367],
          [ 0.0350,  0.0224,  0.0610],
          [ 0.0012,  0.0111,  0.1058]],

         [[-0.0515,  0.0465,  0.0020],
          [-0.0292, -0.0418, -0.0499],
          [-0.0542,  0.1005,  0.0166]],

         ...,

         [[ 0.0015, -0.1273,  0.0554],
          [-0.0670,  0.0018, -0.0503],
          [ 0.0172,  0.1215,  0.0880]],

         [[-0.1024,  0.0528, -0.0344],
          [ 0.1146, -0.0335, -0.0244],
          [ 0.0324, -0.0813, -0.0104]],

         [[ 0.0289, -0.0240,  0.0307],
          [ 0.0484,  0.0155,  0.0905],
          [-0.0035, -0.0030,  0.0364]]],


        [[[ 0.0479,  0.0166, -0.0365],
          [ 0.0101, -0.0363, -0.1225],
          [-0.1003, -0.0228, -0.0365]],

         [[ 0.1039,  0.0774, -0.0551],
          [ 0.0376, -0.0199, -0.0616],
          [-0.0155, -0.1478, -0.1056]],

         [[ 0.1035,  0.0140, -0.0048],
          [ 0.0110,  0.0397, -0.0142],
          [-0.0073, -0.0326, -0.0930]],

         ...,

         [[-0.0260, -0.0314,  0.0463],
          [ 0.0404, -0.0134,  0.0778],
          [-0.0003,  0.0207,  0.0166]],

         [[ 0.0759,  0.0231,  0.0178],
          [-0.0564,  0.0456,  0.0593],
          [-0.0577, -0.0868,  0.0282]],

         [[ 0.0051, -0.0170,  0.0838],
          [ 0.0708, -0.0664,  0.0025],
          [-0.0118, -0.1119, -0.0431]]],


        ...,


        [[[-0.0801, -0.1900,  0.0192],
          [-0.0110, -0.0186, -0.0513],
          [-0.0344,  0.0464,  0.0221]],

         [[ 0.0504, -0.0116, -0.0433],
          [-0.0442, -0.0152, -0.0213],
          [ 0.1689,  0.0565, -0.0606]],

         [[ 0.0245, -0.0225, -0.0622],
          [ 0.0536,  0.0230,  0.0777],
          [-0.0077,  0.0880,  0.0351]],

         ...,

         [[ 0.0325, -0.0116, -0.0324],
          [ 0.0260,  0.0777, -0.0849],
          [ 0.0761, -0.1125, -0.0599]],

         [[ 0.0321, -0.0311, -0.1262],
          [-0.0971,  0.0871,  0.1023],
          [ 0.1312,  0.0112,  0.0744]],

         [[-0.0661,  0.0546, -0.0290],
          [ 0.0441,  0.0009,  0.0751],
          [ 0.0634,  0.0212, -0.0002]]],


        [[[-0.0563,  0.0346,  0.0206],
          [ 0.0338,  0.0040,  0.0367],
          [ 0.0413, -0.0072, -0.0808]],

         [[-0.1033, -0.0944, -0.0849],
          [ 0.0946,  0.0035, -0.0436],
          [ 0.0404, -0.0724, -0.0891]],

         [[ 0.0405,  0.0178,  0.0062],
          [-0.0518,  0.0564,  0.0176],
          [ 0.0683, -0.0831, -0.0632]],

         ...,

         [[-0.0096, -0.0497, -0.0983],
          [-0.0554, -0.0192,  0.0180],
          [ 0.0462, -0.0340, -0.0797]],

         [[ 0.0521,  0.1073,  0.0295],
          [-0.0826,  0.1535, -0.0768],
          [-0.0827,  0.0432,  0.0054]],

         [[ 0.0090, -0.0146, -0.0904],
          [-0.0350,  0.0355,  0.1369],
          [ 0.0096,  0.0128, -0.1491]]],


        [[[-0.0652,  0.0891,  0.0612],
          [ 0.0061,  0.0572, -0.0837],
          [-0.0122, -0.0118,  0.0217]],

         [[ 0.0068,  0.0282, -0.0023],
          [-0.2135,  0.0440, -0.0346],
          [ 0.0320,  0.0850,  0.0614]],

         [[ 0.0199, -0.0325,  0.0151],
          [-0.0925, -0.0744, -0.0089],
          [-0.0428,  0.0480, -0.0113]],

         ...,

         [[ 0.0755, -0.0930,  0.0267],
          [-0.0112, -0.0065,  0.0670],
          [-0.0658,  0.0391,  0.0123]],

         [[-0.0350, -0.0469, -0.0550],
          [ 0.1144, -0.0303, -0.0308],
          [ 0.0868, -0.0240, -0.0496]],

         [[-0.0406,  0.0955, -0.0021],
          [-0.0490, -0.0947,  0.0110],
          [-0.0241,  0.0362,  0.0142]]]])), ('features.4.bias', tensor([ 1.0122e-09, -2.3953e-09,  6.5667e-09, -4.0235e-09, -7.0896e-09,
         1.6549e-10, -8.4026e-09, -2.3426e-09, -8.4017e-09,  1.0290e-08,
        -1.2684e-08, -2.6032e-11,  9.7602e-10, -8.8884e-09,  7.4254e-11,
        -4.2449e-09,  3.9320e-09, -8.0714e-09, -3.5036e-09, -7.1547e-09,
        -1.0904e-08, -9.3693e-10,  7.6721e-10, -4.4851e-10,  6.8774e-09,
         2.4008e-09,  6.1802e-09,  3.4007e-09, -3.8481e-09, -6.3526e-09,
         2.0948e-09,  2.4444e-09, -7.4818e-09,  8.4238e-10,  1.2859e-08,
        -1.0275e-09, -2.3665e-09, -2.8459e-09,  9.0330e-09,  4.2945e-09,
        -6.0554e-09,  9.7182e-10,  7.0840e-09, -4.3549e-09, -5.1987e-09,
        -1.6844e-08,  1.3711e-09,  2.2136e-09, -2.8895e-09,  1.0134e-09,
         2.4580e-09, -4.6571e-09, -5.9988e-09, -5.9959e-09, -7.0649e-09,
         5.0657e-09, -5.2752e-09, -2.3263e-09, -1.6928e-08, -2.2279e-09,
        -3.7895e-09,  2.8368e-09, -1.3845e-10,  5.6428e-09])), ('features.5.weight', tensor([0.9806, 0.9754, 1.0021, 0.9959, 0.9844, 1.0114, 1.0057, 1.0019, 0.9974,
        1.0103, 1.0022, 0.9952, 0.9893, 0.9975, 0.9987, 1.0078, 0.9991, 1.0160,
        1.0293, 1.0241, 1.0093, 0.9730, 0.9860, 0.9989, 0.9814, 1.0069, 0.9930,
        0.9854, 0.9812, 0.9846, 0.9747, 0.9876, 1.0067, 1.0094, 1.0073, 0.9959,
        1.0292, 0.9924, 1.0165, 1.0022, 0.9916, 0.9904, 0.9845, 1.0012, 0.9957,
        1.0135, 1.0274, 0.9781, 0.9855, 1.0075, 0.9908, 1.0112, 0.9934, 1.0282,
        1.0166, 1.0192, 0.9845, 1.0198, 0.9918, 1.0137, 0.9982, 0.9974, 0.9936,
        1.0184])), ('features.5.bias', tensor([-0.0127, -0.0105,  0.0051, -0.0071, -0.0067, -0.0001,  0.0047, -0.0045,
        -0.0037,  0.0043,  0.0125, -0.0232, -0.0023, -0.0111, -0.0046, -0.0013,
        -0.0094,  0.0048,  0.0124,  0.0156,  0.0030, -0.0160, -0.0033, -0.0096,
        -0.0135, -0.0120, -0.0058, -0.0047, -0.0089, -0.0204, -0.0101, -0.0024,
         0.0099, -0.0092, -0.0058, -0.0050, -0.0037, -0.0117,  0.0002, -0.0053,
        -0.0049, -0.0289,  0.0010, -0.0060, -0.0035,  0.0005,  0.0099, -0.0104,
         0.0077, -0.0020,  0.0098,  0.0021, -0.0006, -0.0065,  0.0038,  0.0093,
        -0.0085,  0.0029,  0.0085, -0.0042, -0.0002, -0.0098,  0.0059,  0.0097])), ('features.5.running_mean', tensor([ 6.9503e-01, -6.3244e-01,  6.5367e-01, -1.0661e+00,  9.9841e-01,
        -4.8284e-01, -3.6986e-01, -4.7227e-01, -2.1373e-01, -1.2803e+00,
        -3.0658e-01,  8.4299e-01,  2.8222e-01,  3.9843e-01, -4.2245e-01,
        -1.5822e+00, -2.5283e-01, -1.3780e-01, -4.1349e-01, -3.0090e-01,
         1.6056e-01,  2.9957e-01,  2.0576e-01,  1.1186e+00,  3.0360e-01,
        -2.2014e-01, -5.6424e-01,  3.1431e-01, -8.1764e-01, -1.6464e-01,
         1.0925e+00,  1.1468e-01,  7.4697e-01, -1.1874e+00, -4.6741e-01,
        -2.9987e-01, -2.4751e-01,  8.9500e-01, -7.7348e-01, -1.7308e-01,
        -5.3147e-01,  5.7670e-01,  7.9535e-01, -1.0439e+00, -4.0008e-01,
        -1.2269e+00, -7.8055e-01, -1.6242e-01,  1.2257e+00,  1.2489e+00,
         8.5288e-01,  3.1494e-01, -2.0496e-01, -1.8879e-01, -1.0959e+00,
        -2.7530e-01, -7.4648e-02, -9.7510e-02, -6.9155e-01, -1.0509e-01,
        -8.1306e-01,  1.1226e-01,  2.1915e-01, -1.2553e-03])), ('features.5.running_var', tensor([1.0540, 0.4305, 0.8335, 0.7585, 0.8757, 0.5973, 0.6180, 0.9346, 0.7604,
        0.6653, 0.5664, 0.6403, 0.8495, 0.9864, 0.7569, 0.9891, 0.9515, 0.2482,
        0.5549, 0.6843, 0.3972, 0.6604, 0.4899, 0.7710, 0.5042, 0.5976, 0.4517,
        0.4792, 0.4897, 0.6292, 0.8323, 0.4403, 0.8720, 0.6855, 0.4616, 0.4161,
        0.8240, 0.5908, 0.4536, 0.5956, 0.4582, 0.5018, 0.4994, 0.6412, 0.4427,
        0.4425, 0.7535, 1.2658, 0.7146, 0.6408, 0.5874, 0.7069, 0.6597, 0.7816,
        0.6833, 0.3932, 0.6599, 1.0705, 0.6377, 0.9722, 0.6930, 0.4174, 0.5262,
        0.2481])), ('features.5.num_batches_tracked', tensor(334)), ('features.8.weight', tensor([[[[-0.1124,  0.0096, -0.0068],
          [-0.0620,  0.0195,  0.0218],
          [-0.0040,  0.0379, -0.0318]],

         [[ 0.0459, -0.0400, -0.0505],
          [ 0.0432, -0.1444,  0.0724],
          [ 0.1166, -0.0262,  0.0737]],

         [[ 0.0712, -0.0478, -0.1592],
          [-0.0142,  0.0377,  0.0270],
          [-0.0380,  0.0391, -0.0047]],

         ...,

         [[ 0.0266, -0.1000,  0.0936],
          [-0.0010, -0.0197, -0.0400],
          [-0.0330, -0.1813, -0.0294]],

         [[ 0.0229, -0.0110,  0.0611],
          [ 0.0358, -0.0478,  0.0226],
          [-0.0008,  0.0187, -0.0368]],

         [[ 0.0456,  0.0377, -0.0255],
          [-0.0387, -0.0259,  0.0990],
          [ 0.0614, -0.0031,  0.0166]]],


        [[[ 0.0713, -0.0023, -0.0218],
          [ 0.0668, -0.0698,  0.0499],
          [-0.0986, -0.0855,  0.0312]],

         [[-0.0708,  0.0260, -0.0681],
          [-0.0110, -0.0165, -0.0674],
          [ 0.0007, -0.0719,  0.0577]],

         [[-0.0366,  0.0010, -0.0014],
          [ 0.0403, -0.0124,  0.0149],
          [-0.0541,  0.0570, -0.0441]],

         ...,

         [[ 0.0588, -0.1378,  0.0146],
          [-0.0114,  0.0006, -0.0422],
          [ 0.0862, -0.0826, -0.1468]],

         [[-0.0038,  0.0123,  0.0307],
          [ 0.0285,  0.0158, -0.0137],
          [ 0.0871, -0.0533,  0.0297]],

         [[-0.0352, -0.0404, -0.0522],
          [-0.0379, -0.0104,  0.0116],
          [-0.1174,  0.0131, -0.0154]]],


        [[[ 0.0799,  0.0385,  0.0248],
          [-0.1457,  0.0044, -0.0397],
          [ 0.0609, -0.0395,  0.0763]],

         [[-0.0156,  0.0060,  0.0387],
          [-0.0656,  0.0004,  0.0027],
          [-0.0806,  0.0089,  0.0255]],

         [[-0.0101,  0.0315,  0.0130],
          [ 0.0659,  0.1076, -0.0311],
          [ 0.0045,  0.0838,  0.0645]],

         ...,

         [[-0.0599, -0.0015,  0.0196],
          [ 0.0561,  0.0654,  0.0523],
          [ 0.0336, -0.0393, -0.1000]],

         [[-0.1758,  0.0375,  0.0785],
          [ 0.0038, -0.0530, -0.0442],
          [ 0.0197,  0.0332, -0.0797]],

         [[ 0.0632, -0.0096,  0.0710],
          [-0.0226,  0.0383, -0.0212],
          [-0.0204,  0.0623, -0.1113]]],


        ...,


        [[[-0.0250, -0.0398, -0.0378],
          [ 0.0556, -0.0641, -0.1050],
          [-0.0352, -0.0818, -0.0826]],

         [[ 0.0269, -0.0178,  0.0663],
          [-0.0423,  0.0134,  0.0668],
          [ 0.0249,  0.0445, -0.1056]],

         [[ 0.0047, -0.0217,  0.0799],
          [-0.0028, -0.0063,  0.0470],
          [-0.0421, -0.0740,  0.0168]],

         ...,

         [[-0.0644, -0.0142, -0.0858],
          [-0.0233, -0.0691,  0.0151],
          [-0.1189,  0.0439, -0.0171]],

         [[ 0.0703,  0.0805,  0.0314],
          [ 0.0218, -0.0619, -0.0095],
          [ 0.1064, -0.0129,  0.0728]],

         [[-0.0741,  0.0256, -0.0299],
          [ 0.0127,  0.0266,  0.0624],
          [-0.0764, -0.0857, -0.0810]]],


        [[[-0.0007,  0.0820, -0.0431],
          [ 0.0265,  0.0349, -0.0009],
          [ 0.0007, -0.0237, -0.0577]],

         [[-0.1138, -0.0492,  0.0494],
          [ 0.0080,  0.0858,  0.0238],
          [ 0.0525, -0.0242,  0.0612]],

         [[-0.0744,  0.0201, -0.0586],
          [-0.0284,  0.0008,  0.0452],
          [ 0.0764,  0.0114,  0.0268]],

         ...,

         [[-0.0374,  0.0007, -0.0226],
          [ 0.0157, -0.0266, -0.0004],
          [ 0.0009,  0.0682,  0.0459]],

         [[ 0.0105, -0.0261, -0.0562],
          [ 0.0174, -0.0423,  0.0404],
          [ 0.0004,  0.0629,  0.0029]],

         [[-0.0473, -0.0157,  0.0104],
          [-0.0659,  0.0158, -0.0731],
          [ 0.0190, -0.0365, -0.0442]]],


        [[[ 0.0541,  0.0486, -0.0106],
          [-0.0345,  0.0005,  0.0078],
          [ 0.0477, -0.1575, -0.0407]],

         [[ 0.0804,  0.0172, -0.0304],
          [-0.0065, -0.0788,  0.0907],
          [ 0.0004, -0.0058,  0.0602]],

         [[-0.0616, -0.0156,  0.0183],
          [-0.0551,  0.0779, -0.0960],
          [-0.0041,  0.0673,  0.0208]],

         ...,

         [[ 0.0799, -0.0913,  0.0433],
          [ 0.0581, -0.0387,  0.0696],
          [ 0.0723,  0.0374, -0.0702]],

         [[ 0.0118, -0.0538, -0.0826],
          [-0.0946, -0.0321, -0.0140],
          [-0.0710, -0.0931, -0.0659]],

         [[-0.0295,  0.1055, -0.0590],
          [-0.0198,  0.0333, -0.0156],
          [-0.0257,  0.0749, -0.0231]]]])), ('features.8.bias', tensor([-1.7036e-09, -2.8709e-09,  4.2182e-10,  1.4767e-09,  2.0738e-09,
         1.7157e-09, -2.2987e-09,  3.5218e-10,  7.6491e-09,  2.2600e-09,
        -9.9566e-10, -1.0932e-09,  1.9957e-10,  1.5504e-09, -1.8762e-09,
        -1.3692e-09,  1.8877e-09, -1.9116e-09,  1.9717e-09, -6.7480e-09,
         7.0291e-10, -8.0328e-10,  4.3398e-09, -7.9320e-10, -2.5587e-09,
        -6.6896e-09, -9.9604e-10, -1.8201e-09,  4.4405e-10,  1.4465e-09,
        -2.7039e-09,  1.1883e-09, -1.2680e-09,  2.7288e-09,  2.2871e-09,
        -5.3935e-09,  2.7374e-09, -4.0711e-10, -2.9665e-10,  3.8000e-09,
         1.4371e-09,  2.0023e-09,  9.2483e-10, -1.2180e-09,  1.3909e-09,
        -3.0121e-09,  9.2667e-10, -1.9488e-09, -1.4705e-09,  6.3936e-10,
        -1.4697e-09,  2.5992e-09,  7.3151e-11,  1.0940e-09, -7.4149e-10,
         4.3799e-09, -2.2576e-09, -5.8884e-11,  2.4099e-09, -8.7204e-11,
         7.1375e-10,  3.8348e-09,  1.9636e-09,  2.2934e-09])), ('features.9.weight', tensor([1.0096, 0.9887, 1.0004, 0.9976, 1.0097, 1.0226, 0.9979, 0.9880, 1.0344,
        1.0007, 1.0210, 0.9990, 1.0003, 0.9980, 0.9975, 1.0088, 1.0072, 1.0038,
        1.0012, 1.0242, 1.0246, 1.0208, 0.9981, 1.0185, 0.9807, 1.0075, 1.0114,
        0.9960, 0.9989, 1.0107, 1.0191, 1.0002, 1.0008, 0.9996, 1.0031, 1.0004,
        1.0118, 0.9953, 1.0205, 0.9992, 1.0051, 0.9934, 0.9960, 0.9956, 1.0025,
        1.0174, 1.0188, 0.9778, 1.0056, 0.9894, 0.9967, 0.9978, 1.0035, 1.0012,
        1.0145, 0.9993, 0.9925, 0.9996, 1.0031, 1.0009, 1.0115, 0.9922, 0.9899,
        0.9944])), ('features.9.bias', tensor([ 0.0009, -0.0179, -0.0180, -0.0187, -0.0016, -0.0047, -0.0092, -0.0187,
         0.0021, -0.0130, -0.0061, -0.0230, -0.0065, -0.0073, -0.0195, -0.0024,
        -0.0053, -0.0187, -0.0096, -0.0004,  0.0017, -0.0078, -0.0127, -0.0130,
        -0.0208, -0.0059, -0.0137, -0.0170, -0.0117, -0.0074, -0.0039, -0.0144,
         0.0010, -0.0166, -0.0131, -0.0086, -0.0075, -0.0232, -0.0072, -0.0133,
        -0.0023, -0.0225, -0.0143, -0.0096, -0.0165, -0.0040,  0.0016, -0.0200,
        -0.0063, -0.0191, -0.0106, -0.0150, -0.0093, -0.0146, -0.0045, -0.0097,
        -0.0186, -0.0141, -0.0159, -0.0231, -0.0105, -0.0218, -0.0112, -0.0205])), ('features.9.running_mean', tensor([-0.4163, -0.1633,  0.8065, -1.9719, -0.1794, -0.5426,  0.5453, -0.6624,
        -0.1404, -2.3119,  0.8742, -0.3152, -0.9036,  0.7865,  0.3726, -0.2475,
        -0.9197, -1.6366, -1.4626, -0.3683, -0.8348, -1.5440, -0.5227,  0.6839,
         1.6075, -1.3437, -0.8879,  0.9462, -0.5599, -1.3128,  1.0845, -0.2487,
         0.6311, -0.1331, -0.4323,  0.7158, -0.2652, -0.9335, -0.3444, -0.0808,
        -0.1411, -0.3316,  1.6542, -0.5781, -0.1582,  0.0261,  0.0782,  1.3025,
        -0.9601,  0.8966,  1.0553, -1.9432,  0.0861, -1.4007, -0.5483,  0.5836,
         0.1935,  0.1068,  0.7409, -1.3922, -0.1764, -1.4239,  0.8890, -0.7001])), ('features.9.running_var', tensor([1.6518, 0.9472, 1.0867, 1.4046, 1.3869, 0.9607, 0.9645, 0.9026, 1.2574,
        1.0288, 0.9238, 1.1174, 0.6739, 1.1933, 0.9723, 1.2492, 1.3764, 1.4149,
        1.1631, 0.8560, 1.7439, 1.8367, 1.1027, 0.8614, 1.3611, 1.0323, 1.4449,
        1.1095, 1.1924, 1.3436, 1.0451, 1.4288, 1.1584, 0.8192, 0.9585, 0.8154,
        0.7474, 1.0677, 1.5019, 1.2849, 1.0754, 1.2463, 1.0218, 0.9554, 1.2393,
        0.6638, 1.0908, 1.2621, 1.0440, 1.2008, 1.0825, 1.3801, 0.9318, 1.2760,
        1.0442, 1.1266, 1.2850, 0.5155, 0.7811, 1.3904, 1.2486, 1.2595, 0.8116,
        1.0509])), ('features.9.num_batches_tracked', tensor(334)), ('denses.0.weight', tensor([[ 0.0185,  0.0072,  0.0058,  ..., -0.0126, -0.0081,  0.0154],
        [ 0.0039, -0.0094, -0.0003,  ..., -0.0060,  0.0109,  0.0016],
        [ 0.0026, -0.0016,  0.0071,  ..., -0.0077, -0.0161,  0.0049],
        ...,
        [ 0.0089,  0.0070, -0.0088,  ..., -0.0024,  0.0255, -0.0029],
        [-0.0066,  0.0015, -0.0023,  ...,  0.0036,  0.0085, -0.0068],
        [-0.0012,  0.0193,  0.0035,  ..., -0.0076, -0.0090,  0.0047]])), ('denses.0.bias', tensor([ 7.3011e-04, -5.4459e-04,  1.4449e-03, -5.6075e-04, -2.2764e-04,
         2.8905e-04,  2.3649e-04,  6.9907e-04,  2.2262e-04,  1.8490e-04,
         1.0240e-04, -1.7068e-03, -1.0300e-03, -8.6410e-04, -5.7572e-04,
        -6.4771e-05, -3.9546e-03,  5.3500e-04, -7.8933e-04,  1.4326e-04,
        -2.2633e-04, -7.0340e-04, -1.0604e-03,  1.8624e-03,  6.7379e-04,
        -1.3678e-03,  1.7181e-03,  9.2233e-04,  8.5736e-04,  6.2240e-04,
         2.5698e-03,  3.8307e-04,  1.2490e-03,  5.5551e-04, -1.2546e-03,
        -6.2306e-04,  3.0346e-04, -1.1719e-03,  7.4135e-04, -1.3547e-03,
         1.2955e-03,  1.5864e-03, -9.2804e-04, -1.9392e-03,  1.6037e-03,
        -2.2164e-03, -1.3492e-03,  7.5308e-04,  1.0424e-03, -1.0817e-03,
         8.1133e-04,  5.9893e-05,  2.1967e-04,  1.3276e-03, -1.9929e-03,
         3.5171e-03,  1.3680e-03, -1.1148e-04,  2.3562e-04,  1.2155e-03,
         8.2772e-04,  1.7139e-04, -4.5080e-05,  1.1846e-03, -2.9564e-04,
         5.7672e-04,  5.7313e-04,  3.6044e-04, -6.0511e-04, -1.0096e-04,
        -5.7690e-04, -7.1926e-04, -1.9618e-03, -4.2374e-04,  7.0955e-04,
        -4.4654e-04,  1.8918e-03,  3.0320e-04, -1.8856e-04,  6.4939e-04,
         3.0133e-03, -5.9281e-04, -1.1489e-03, -6.5133e-04, -1.6636e-04,
         3.6836e-04,  4.6925e-04,  1.0047e-03, -2.9152e-03,  3.3295e-03,
        -3.0536e-03,  4.6653e-04,  1.7214e-03,  4.2616e-04,  2.2331e-03,
         3.9164e-04,  7.6993e-04, -4.9719e-04, -2.1631e-04,  7.0783e-06,
         6.1769e-04, -4.2221e-04, -8.1101e-05,  1.4663e-03,  7.6777e-04,
         2.0305e-03, -3.7183e-04, -2.4627e-03,  1.3453e-04, -9.4169e-04,
        -3.1108e-03, -3.0476e-04,  4.7668e-04,  2.4851e-03, -1.2828e-03,
        -9.6520e-04,  6.5527e-04, -3.8842e-04, -1.6924e-03, -6.9708e-04,
        -9.6658e-04,  3.5521e-04, -1.2107e-03,  5.3082e-04, -1.2223e-03,
         1.1960e-03,  3.8200e-05, -5.7490e-04])), ('denses.1.weight', tensor([[-0.0064,  0.0211, -0.0173,  ..., -0.0639, -0.0152,  0.0401],
        [-0.0909, -0.0453, -0.0762,  ...,  0.0127, -0.0268, -0.0163],
        [ 0.0006,  0.0221,  0.0439,  ..., -0.0496,  0.0243,  0.0370],
        ...,
        [ 0.0818,  0.0566,  0.0580,  ..., -0.0282,  0.0215,  0.0037],
        [-0.0287, -0.0661, -0.0799,  ..., -0.0099, -0.0232, -0.0239],
        [-0.0590, -0.0098, -0.0235,  ...,  0.0285,  0.0465, -0.1259]])), ('denses.1.bias', tensor([-0.0296, -0.0151,  0.0241,  0.0520,  0.0315, -0.0234, -0.0259,  0.0103,
        -0.0411,  0.0173]))]), 16666.666666666668)