(OrderedDict([('features.0.weight', tensor([[[[ 3.8415e-02, -6.7235e-02,  4.4991e-02],
          [ 3.2050e-02, -1.4244e-03, -4.1866e-02],
          [-8.7572e-02, -3.4063e-02, -2.4377e-02]],

         [[-1.8684e-02, -1.4119e-01,  6.3151e-02],
          [-9.8003e-02,  2.8122e-02, -1.2722e-01],
          [-5.5597e-02, -4.9307e-02, -1.0601e-01]],

         [[ 1.2739e-02, -1.8288e-01,  9.6503e-02],
          [-1.0015e-03, -8.6621e-02,  7.6596e-02],
          [-3.0567e-02, -1.9976e-01, -2.3329e-02]]],


        [[[-1.7983e-01, -3.6880e-02, -2.4781e-02],
          [-1.2388e-01, -3.8185e-02,  8.3542e-02],
          [ 1.8033e-02,  9.4227e-02,  1.5164e-01]],

         [[ 9.8296e-02,  2.2533e-03,  5.2418e-02],
          [-1.5160e-02,  1.1309e-01, -1.6451e-02],
          [ 9.7753e-02, -4.5565e-02, -2.6907e-02]],

         [[-8.6494e-02,  5.8465e-02,  7.0825e-02],
          [ 1.3773e-01,  2.0353e-02,  1.3998e-02],
          [-5.0432e-02,  1.6420e-03, -1.5398e-01]]],


        [[[-7.0280e-02, -2.4991e-01, -2.6099e-02],
          [ 1.1643e-01, -5.3756e-02,  3.8983e-02],
          [-3.0899e-02,  1.9522e-01,  1.0049e-01]],

         [[-1.1630e-01, -8.8331e-02, -1.6119e-01],
          [-3.6907e-03, -5.7097e-02, -1.1356e-01],
          [ 2.4980e-01,  1.9172e-01,  6.0816e-02]],

         [[-3.8626e-02,  6.1698e-02, -9.1029e-02],
          [-3.8334e-02, -6.8005e-02,  6.3323e-02],
          [ 4.8477e-02, -2.4585e-02,  7.6911e-02]]],


        [[[-1.8550e-01, -2.2843e-02, -1.6219e-01],
          [-4.0170e-02,  2.9277e-02, -9.4239e-02],
          [ 4.4754e-02, -1.9045e-01, -4.2495e-02]],

         [[-2.0567e-02, -2.0743e-02,  9.3903e-03],
          [-1.8876e-02,  1.0479e-01,  9.9620e-02],
          [ 1.2116e-02,  5.4616e-02, -2.1770e-02]],

         [[ 1.6018e-01,  9.7948e-02,  2.2528e-02],
          [ 1.2538e-01,  6.1373e-02,  8.8916e-02],
          [-5.0354e-02,  3.4909e-02,  9.9917e-02]]],


        [[[ 3.4545e-01, -1.0561e-01, -3.2933e-03],
          [-7.2847e-02, -1.3638e-01,  1.9067e-01],
          [-6.0422e-02,  4.7528e-02, -2.2116e-01]],

         [[ 1.1778e-01, -2.1600e-01,  5.9048e-02],
          [-1.0391e-01, -1.8255e-01,  8.0139e-02],
          [-1.9372e-02,  1.9094e-01, -2.3716e-02]],

         [[-2.3829e-02, -2.3973e-01,  6.0162e-02],
          [-7.3511e-03, -2.1629e-02,  1.8103e-01],
          [-1.1659e-01,  2.7969e-01, -1.2148e-01]]],


        [[[-1.4478e-01, -1.7305e-02,  3.8478e-02],
          [-2.2082e-01, -5.4576e-03, -1.5132e-02],
          [-1.6829e-02, -1.8591e-01,  9.7840e-03]],

         [[ 8.0611e-02, -1.3293e-01, -1.1963e-01],
          [ 1.3892e-01, -1.0856e-01,  6.5248e-03],
          [-9.2259e-02, -2.5620e-02, -6.7719e-02]],

         [[ 5.0827e-02,  2.4119e-02,  2.7933e-02],
          [ 2.8317e-01,  1.6583e-01,  1.3683e-01],
          [ 1.3255e-01,  4.5653e-02,  8.5996e-02]]],


        [[[ 4.0997e-02,  4.3937e-02, -1.6153e-02],
          [ 6.3433e-02,  4.4064e-02,  5.6315e-03],
          [ 7.7892e-02, -2.1574e-02,  1.4604e-01]],

         [[-8.4314e-02, -3.2189e-02, -4.1849e-02],
          [-8.2629e-02, -1.5726e-01, -1.9876e-01],
          [-2.2498e-01, -1.3800e-01,  1.0232e-01]],

         [[ 1.0694e-01,  1.0786e-01,  4.0723e-02],
          [-2.6445e-02, -4.5181e-02, -2.5188e-02],
          [-9.7757e-02, -1.0585e-01, -1.2842e-03]]],


        [[[ 4.6148e-02, -1.1173e-02,  1.3150e-01],
          [ 7.1637e-03,  1.5423e-01,  5.1225e-02],
          [ 1.5006e-01, -3.0954e-02, -1.7173e-01]],

         [[ 2.6379e-02, -1.6655e-01, -8.1442e-02],
          [-5.5825e-02, -1.2856e-01, -2.4741e-01],
          [ 1.8202e-01,  4.5671e-03, -1.3917e-01]],

         [[-1.3691e-01,  1.1591e-02,  1.5862e-01],
          [ 1.3275e-02,  4.4921e-02, -9.1870e-02],
          [ 9.0275e-02,  1.4497e-02, -3.3592e-02]]],


        [[[-2.0087e-01, -1.1276e-02,  7.4584e-02],
          [-6.9805e-02, -5.3791e-02,  9.0016e-02],
          [ 8.8823e-02,  9.4780e-02, -6.7507e-02]],

         [[-2.8232e-02, -1.7001e-01,  1.3276e-01],
          [-1.0111e-01, -2.1234e-02, -2.5848e-02],
          [ 1.8017e-02,  1.7702e-01,  2.7370e-02]],

         [[-1.4831e-01, -3.9291e-02,  1.7685e-02],
          [-5.1994e-02,  4.5124e-02,  7.7612e-02],
          [-6.1805e-04,  3.6588e-02, -1.4473e-02]]],


        [[[ 1.4539e-01,  2.5301e-01,  9.6451e-02],
          [ 1.5941e-01,  3.9312e-02,  1.6363e-01],
          [-1.0682e-02,  1.0859e-01, -5.6962e-03]],

         [[-2.0674e-02, -1.0895e-01, -1.4205e-01],
          [-3.9553e-02,  6.9061e-03,  6.9411e-03],
          [-1.7372e-01, -1.6027e-01, -1.5429e-01]],

         [[-6.1476e-02, -1.1757e-01, -7.9788e-03],
          [-3.8427e-02, -8.4892e-02, -1.6505e-01],
          [ 2.1097e-01,  1.0410e-02,  3.8274e-02]]],


        [[[-1.2532e-01,  4.1307e-02,  6.5342e-02],
          [-4.8270e-02, -6.6201e-02,  1.0600e-01],
          [ 1.4404e-02, -7.9547e-02,  1.8215e-01]],

         [[ 1.0242e-01, -2.0914e-01, -1.5185e-01],
          [ 7.3631e-02, -1.8253e-02, -7.7069e-02],
          [-1.1521e-01,  1.5115e-01,  1.1326e-01]],

         [[-9.2274e-02, -1.5064e-01,  9.1024e-02],
          [-6.0270e-02,  3.2613e-02,  1.3682e-01],
          [-1.6322e-01, -4.5364e-02, -4.6781e-03]]],


        [[[-5.5197e-02,  7.9227e-02,  2.2536e-02],
          [ 2.9082e-02,  9.4486e-02,  8.5020e-02],
          [ 4.5646e-02, -3.2598e-02,  5.0053e-02]],

         [[-1.0089e-01,  9.8239e-03, -4.4599e-02],
          [ 5.5100e-02, -5.1867e-02, -1.8782e-02],
          [-2.5059e-02,  4.6935e-03, -1.1291e-01]],

         [[ 4.8911e-02,  6.7201e-02,  1.6838e-01],
          [ 1.2035e-01, -4.3210e-02,  2.0736e-02],
          [ 7.8393e-02,  2.2643e-01, -9.7056e-02]]],


        [[[ 2.5490e-02,  5.4752e-02, -3.5360e-02],
          [-1.2692e-01, -7.3659e-02, -1.2985e-02],
          [-6.7948e-02,  6.5097e-02, -1.9568e-02]],

         [[ 3.4676e-02,  6.1820e-02,  4.6998e-02],
          [-1.3788e-01, -1.5628e-01, -1.8823e-02],
          [-7.3901e-02, -3.5668e-02,  2.5277e-02]],

         [[ 3.9177e-02,  1.8117e-01, -7.0486e-02],
          [-1.4622e-01, -4.9630e-02, -1.4608e-01],
          [-8.0220e-02, -5.4714e-02, -1.5163e-01]]],


        [[[ 3.3487e-02,  1.7293e-01,  1.2902e-01],
          [-2.5776e-02, -5.5651e-02,  4.3649e-02],
          [-6.2872e-02, -1.8477e-01, -1.0372e-02]],

         [[ 1.6648e-01,  1.5078e-01, -5.9121e-02],
          [ 1.6460e-01,  6.4305e-02, -5.0369e-02],
          [-2.3127e-01, -1.0723e-01,  6.8949e-03]],

         [[ 1.6749e-01,  5.9243e-03,  8.6858e-02],
          [ 1.1093e-02,  5.1387e-02, -1.3136e-01],
          [-4.5383e-02, -2.8343e-02,  5.3130e-02]]],


        [[[-1.4601e-02,  5.6189e-02,  1.9632e-01],
          [-1.1026e-01, -7.3658e-02,  1.8385e-01],
          [-1.3407e-01, -5.8317e-02, -1.6977e-01]],

         [[-1.3586e-01,  9.6444e-02,  2.4648e-02],
          [-1.1697e-01,  2.6797e-02,  1.0300e-02],
          [-1.5159e-01, -1.0659e-01, -1.0470e-02]],

         [[ 1.1965e-01,  5.2192e-02,  6.9800e-02],
          [-5.9240e-03, -5.7737e-02,  3.1799e-02],
          [-7.0124e-03, -1.5414e-01,  7.1852e-02]]],


        [[[ 1.0261e-01,  9.2755e-02, -4.0684e-02],
          [-1.4450e-02, -1.4905e-02,  4.3477e-02],
          [-1.2095e-02, -9.1732e-03,  1.0175e-01]],

         [[ 1.4888e-01,  2.4035e-01, -1.1072e-01],
          [ 1.7951e-02,  1.5178e-01,  5.2864e-02],
          [-5.4285e-02,  1.0025e-01,  2.0533e-01]],

         [[-3.1112e-03, -5.9482e-02, -8.8420e-02],
          [-2.7438e-02, -1.4759e-01, -8.1554e-02],
          [-8.6949e-02, -1.5059e-01, -3.1204e-02]]],


        [[[-1.4999e-01, -1.8553e-01,  9.6254e-02],
          [ 3.9013e-02, -2.1961e-02,  6.7661e-03],
          [ 1.3807e-01,  4.9670e-02, -8.0642e-03]],

         [[ 4.7932e-02, -1.4190e-01, -1.4958e-01],
          [ 2.8404e-02,  5.5069e-02,  7.3607e-03],
          [ 2.1752e-02,  1.9685e-01,  2.0579e-02]],

         [[-3.5032e-02, -8.5094e-02,  1.2600e-01],
          [-7.3730e-02,  1.5054e-02, -2.1205e-01],
          [-5.9524e-02,  1.2573e-01, -1.5884e-03]]],


        [[[-2.5327e-01, -8.2450e-02,  1.3516e-01],
          [-1.3665e-02,  6.2940e-02, -7.4993e-02],
          [ 1.9800e-02,  4.6751e-02,  1.4214e-02]],

         [[-9.9058e-03,  2.7322e-02, -7.3248e-02],
          [-9.2377e-02, -1.0307e-01,  4.8589e-02],
          [-6.1280e-02, -1.3859e-01, -4.7774e-02]],

         [[-1.6811e-02,  2.2069e-01,  9.3075e-02],
          [-5.6646e-02, -3.3436e-02,  3.8644e-02],
          [-5.9078e-02,  2.0294e-02,  1.1749e-01]]],


        [[[-1.4320e-01, -2.6887e-02,  1.9736e-01],
          [-2.7839e-02,  1.8046e-02,  8.4599e-02],
          [-3.1059e-02, -7.9607e-03, -3.2604e-02]],

         [[-3.0416e-01, -6.1155e-02,  1.9142e-01],
          [-7.9006e-02, -1.3928e-02,  1.5285e-01],
          [-1.5189e-01,  1.1389e-01,  2.7056e-02]],

         [[-1.5124e-01, -2.5916e-02,  2.8073e-01],
          [-1.9941e-01, -1.1185e-01,  1.8497e-01],
          [-2.0436e-02,  5.0412e-02, -9.4702e-03]]],


        [[[ 6.9591e-02, -1.2694e-01,  7.9548e-02],
          [ 4.1881e-02, -1.5494e-01,  3.8332e-02],
          [ 8.6568e-02, -9.3196e-02,  4.9658e-02]],

         [[-2.4703e-02, -1.4624e-01,  7.1001e-02],
          [-2.8114e-02, -5.6801e-03,  8.1091e-02],
          [ 8.0842e-02, -1.8762e-01, -5.6024e-02]],

         [[ 7.8473e-02, -2.7034e-02,  9.8742e-02],
          [ 2.5838e-01,  7.7449e-02,  7.3277e-02],
          [ 1.0293e-01, -4.7013e-02,  1.7025e-02]]],


        [[[ 6.3182e-02, -1.3661e-01,  1.0403e-01],
          [ 1.7433e-01,  3.6708e-02, -1.4402e-01],
          [ 8.9247e-02, -9.2364e-02,  8.0292e-02]],

         [[ 2.9767e-05, -9.5859e-02,  1.0389e-01],
          [ 9.1890e-02,  1.0155e-01,  5.6916e-04],
          [-1.0624e-02, -2.2304e-01,  7.6303e-02]],

         [[-4.5247e-02,  1.6413e-02,  8.9120e-02],
          [ 1.5157e-01, -8.9912e-02, -2.9837e-02],
          [ 3.9984e-02, -7.7212e-02,  8.5759e-02]]],


        [[[-7.4804e-02,  4.0314e-02,  1.5656e-01],
          [ 5.4254e-02,  6.6464e-02,  1.2485e-01],
          [ 7.1938e-02,  1.9887e-02,  8.8319e-02]],

         [[ 9.3286e-02,  7.9710e-02,  6.1226e-02],
          [-4.6474e-02,  5.4384e-02,  2.3560e-02],
          [-1.6745e-01, -5.9491e-02, -4.6653e-02]],

         [[-2.1748e-02,  1.1244e-01,  5.9337e-02],
          [-2.7606e-02, -8.0805e-02, -3.6768e-02],
          [ 6.5673e-02, -1.3856e-02,  6.6132e-02]]],


        [[[ 2.1576e-01, -4.8494e-02, -8.2104e-02],
          [ 7.7787e-02,  7.2617e-02,  2.5215e-02],
          [ 2.9322e-02,  3.4502e-02,  3.9398e-02]],

         [[ 1.6598e-02, -5.2308e-02, -1.0017e-01],
          [ 4.0606e-03, -1.2306e-01, -1.3811e-01],
          [ 1.7155e-01, -1.6437e-02, -1.8731e-01]],

         [[ 6.6358e-02, -3.4931e-02, -1.3176e-01],
          [ 1.5339e-01,  4.7917e-02, -1.3983e-01],
          [ 7.8701e-02,  5.8654e-02, -1.8280e-02]]],


        [[[ 5.8024e-02,  1.1950e-01, -1.6599e-02],
          [ 3.0024e-02,  7.4281e-03,  4.6917e-02],
          [ 4.1903e-02,  1.2588e-01,  5.8492e-02]],

         [[-6.1532e-02,  1.2742e-01, -4.7707e-02],
          [ 1.0459e-02,  1.4179e-01,  3.1756e-02],
          [ 9.6742e-02,  1.9886e-02,  8.6613e-02]],

         [[-2.8031e-02, -5.0878e-03,  2.1917e-02],
          [ 1.3123e-01, -5.9286e-02, -3.4590e-02],
          [-4.6640e-02,  1.5653e-02, -2.5155e-02]]],


        [[[ 1.7437e-01,  5.9535e-02, -8.1990e-02],
          [-2.5827e-02, -2.9375e-02, -3.5682e-02],
          [ 4.3699e-02, -1.3424e-01, -2.6111e-02]],

         [[-2.8678e-02,  1.8349e-02,  4.3044e-02],
          [ 4.2996e-02, -5.0913e-02,  3.9106e-02],
          [-6.0146e-02,  9.0583e-02, -1.1827e-01]],

         [[ 2.8475e-02,  4.8271e-02,  1.2424e-01],
          [ 5.6047e-02,  1.3732e-01, -8.7692e-02],
          [ 7.6526e-02,  8.3759e-02,  1.0456e-01]]],


        [[[-1.5683e-03, -8.5382e-02, -2.5070e-01],
          [-1.0782e-01,  3.9621e-02, -5.2732e-02],
          [ 2.1323e-02, -1.1088e-01, -2.5193e-02]],

         [[-4.9192e-02, -4.6457e-02,  2.4870e-02],
          [-1.3425e-01,  4.5907e-02,  3.1222e-02],
          [ 6.8160e-02, -3.3183e-04,  1.0312e-01]],

         [[-5.8291e-02, -8.5144e-02,  1.0110e-01],
          [ 3.8281e-02, -8.8069e-02,  1.4821e-02],
          [ 1.1406e-01,  1.4185e-01,  1.5341e-01]]],


        [[[-5.5822e-02,  7.1665e-02, -1.1230e-01],
          [-1.5760e-02, -1.2071e-01,  3.7493e-02],
          [-7.3773e-02, -9.4573e-02,  2.2905e-02]],

         [[ 1.2357e-03, -5.5447e-03,  7.2989e-02],
          [-1.7880e-01, -1.3756e-01, -6.8239e-02],
          [ 3.5693e-02,  4.9876e-02, -9.1404e-02]],

         [[ 4.7545e-02, -5.6225e-02, -1.6737e-01],
          [-5.1269e-02, -1.0158e-01,  3.1875e-02],
          [ 1.6009e-02,  6.3911e-02,  1.3797e-01]]],


        [[[ 2.1228e-02, -4.6465e-02, -6.6320e-02],
          [ 1.5528e-01, -2.9609e-02, -4.1731e-02],
          [-9.3505e-02,  9.8322e-02, -1.5539e-01]],

         [[ 1.1562e-01,  4.7897e-02,  3.2244e-02],
          [ 8.1856e-02,  1.3022e-01, -3.6717e-02],
          [ 8.2927e-02,  9.9197e-02, -2.7420e-01]],

         [[ 1.6377e-02,  1.4499e-01, -1.9280e-01],
          [-1.0860e-03, -1.5254e-01, -4.6548e-02],
          [ 1.0963e-01, -2.1194e-02, -4.9739e-02]]],


        [[[-8.6361e-02, -1.4779e-02, -2.1002e-02],
          [ 5.1426e-02,  1.2023e-01, -8.9630e-02],
          [ 6.7460e-02,  6.0984e-02,  6.9348e-03]],

         [[-6.3248e-02, -2.1410e-02,  8.9085e-02],
          [-9.7999e-03, -9.1529e-02,  1.0020e-01],
          [-1.5149e-01,  6.3100e-02, -2.1375e-02]],

         [[ 5.5974e-02,  8.2835e-02,  3.2784e-02],
          [ 1.9102e-01,  6.2841e-03, -2.0879e-02],
          [ 9.2757e-03,  1.1460e-02,  1.3358e-01]]],


        [[[-1.6257e-02,  1.1636e-01, -5.9602e-02],
          [ 9.2134e-02,  6.2118e-02, -8.5949e-02],
          [-2.2840e-01, -1.8905e-02,  2.7186e-02]],

         [[ 7.9062e-02,  1.8572e-01, -6.8477e-02],
          [ 3.1349e-02, -6.0253e-03, -1.0589e-01],
          [-1.1257e-01, -6.3554e-02, -1.7700e-01]],

         [[ 5.0606e-02,  3.6552e-02, -4.8641e-02],
          [ 4.6818e-02, -1.0347e-01,  9.0331e-02],
          [-1.4135e-01,  5.2143e-02, -4.3796e-02]]],


        [[[-6.9087e-02, -1.7336e-02,  9.6404e-02],
          [-1.4204e-01, -2.1248e-02, -1.3853e-01],
          [ 1.0058e-01,  2.6827e-01,  7.9171e-02]],

         [[-9.5736e-03, -4.3373e-02, -1.7184e-01],
          [-1.1722e-01, -6.2077e-02, -1.7753e-01],
          [ 1.2601e-01,  6.7374e-02,  1.0225e-01]],

         [[-6.0499e-02,  9.7586e-02, -8.6665e-02],
          [ 3.1939e-02, -6.6063e-02,  3.2722e-02],
          [ 3.1292e-02,  3.5968e-02,  1.7612e-01]]],


        [[[ 8.3034e-03, -6.3589e-02,  1.5240e-01],
          [-1.3118e-01,  3.9169e-02, -1.5748e-01],
          [-5.2489e-02, -9.2556e-03, -5.3567e-02]],

         [[ 3.8283e-02,  6.8347e-02, -8.0649e-02],
          [-9.6487e-02, -1.6238e-01, -1.4932e-02],
          [ 4.6892e-02, -1.9112e-02, -1.1522e-01]],

         [[ 2.0995e-01,  1.1554e-01, -1.8275e-02],
          [-8.7586e-02,  1.0204e-01,  1.2870e-02],
          [ 2.8572e-03,  8.0496e-02, -3.4025e-02]]]])), ('features.0.bias', tensor([-2.9295e-09, -2.0064e-08,  1.7155e-09,  9.5428e-09, -2.5355e-08,
         1.0679e-08, -1.1372e-08, -1.0345e-08, -1.0141e-08, -6.7944e-09,
        -1.0109e-08,  5.6527e-09, -1.4780e-08, -1.6876e-08,  1.6426e-08,
         2.8390e-08, -1.9080e-08,  1.1245e-08,  2.5329e-08, -2.7873e-08,
        -1.5895e-08,  6.6179e-09, -9.2521e-09,  1.4424e-09,  1.2650e-08,
        -2.8880e-08,  5.2915e-09, -9.5235e-09, -4.0520e-09,  6.9771e-09,
        -2.0523e-08, -2.0601e-08])), ('features.1.weight', tensor([0.9840, 1.0147, 1.0229, 0.9784, 1.0401, 1.0121, 0.9740, 1.0005, 0.9830,
        1.0052, 1.0065, 1.0014, 0.9756, 1.0155, 1.0136, 0.9906, 0.9865, 0.9842,
        1.0974, 0.9909, 0.9845, 0.9949, 1.0130, 1.0002, 0.9892, 0.9843, 0.9833,
        1.0153, 0.9697, 0.9939, 1.0065, 0.9811])), ('features.1.bias', tensor([-0.0120, -0.0057,  0.0441, -0.0008,  0.0364,  0.0426, -0.0194,  0.0205,
         0.0196, -0.0589,  0.0173,  0.0108, -0.0166, -0.0164,  0.0009,  0.0017,
         0.0409, -0.0118, -0.0262, -0.0128, -0.0061, -0.0156, -0.0399, -0.0023,
        -0.0150, -0.0105,  0.0058,  0.0480, -0.0420, -0.0174,  0.0174, -0.0276])), ('features.1.running_mean', tensor([ 0.2752, -0.0660,  0.0039, -0.0709,  0.0352,  0.0047,  0.1536,  0.0540,
         0.0213,  0.0245,  0.0800, -0.1643,  0.2539, -0.0564,  0.0622, -0.0639,
         0.0313,  0.0687,  0.0163, -0.0854, -0.1032, -0.1873,  0.0088, -0.2537,
        -0.1313,  0.0930,  0.2248, -0.0011, -0.1314,  0.0907, -0.0004,  0.0967])), ('features.1.running_var', tensor([1.3838, 0.1190, 0.6406, 0.3899, 0.1204, 0.3907, 0.5322, 0.2408, 0.2964,
        0.3035, 0.3611, 0.5631, 1.3784, 0.5997, 0.6059, 0.2453, 0.2786, 0.2350,
        0.9700, 0.4553, 0.3421, 0.7386, 0.5141, 1.0742, 0.4705, 0.4229, 0.8929,
        0.3876, 0.3834, 0.4400, 0.4553, 0.3088])), ('features.1.num_batches_tracked', tensor(334)), ('features.4.weight', tensor([[[[ 4.0958e-02,  5.6331e-02,  2.7047e-02],
          [-7.8643e-02, -9.7197e-03, -2.3850e-02],
          [ 7.5614e-03,  7.0347e-02, -8.8880e-02]],

         [[-1.0610e-01, -7.8985e-02,  5.1816e-02],
          [-2.1462e-02, -5.5845e-02,  9.7573e-02],
          [ 9.9823e-02, -6.3933e-02, -1.4087e-02]],

         [[-3.7415e-02, -8.1349e-02, -3.0061e-02],
          [ 1.3497e-02,  1.1852e-01,  3.9665e-02],
          [-1.4791e-01, -4.3835e-02, -5.6343e-02]],

         ...,

         [[ 1.5437e-03, -7.5558e-02,  2.0042e-02],
          [-4.3938e-02, -2.3847e-02,  3.9121e-02],
          [ 1.9173e-02,  5.0501e-02, -4.0224e-03]],

         [[ 2.8516e-02, -3.1162e-02, -6.2640e-03],
          [-3.1778e-02, -6.2728e-03, -4.8563e-02],
          [-9.8422e-03,  2.0568e-02,  7.9355e-02]],

         [[ 8.8467e-02,  5.0060e-02, -2.7793e-02],
          [ 6.0977e-02,  1.1446e-01,  5.1342e-03],
          [ 5.0919e-03,  4.0292e-02, -6.8792e-02]]],


        [[[-6.1893e-04,  6.2099e-02, -7.4267e-02],
          [ 3.0446e-02, -2.9242e-02,  1.1378e-02],
          [-7.7471e-03, -7.1415e-03, -4.1127e-02]],

         [[ 8.9561e-02,  5.3324e-02,  4.6608e-02],
          [ 4.0796e-02,  2.8002e-02,  6.8515e-02],
          [ 2.0322e-03,  1.6418e-02,  1.1691e-01]],

         [[-4.4017e-02,  5.3447e-02,  9.2557e-04],
          [-2.5707e-02, -3.8202e-02, -4.1815e-02],
          [-5.9095e-02,  9.3320e-02,  7.0866e-03]],

         ...,

         [[-1.0083e-02, -1.3347e-01,  5.4337e-02],
          [-5.9755e-02,  6.2684e-03, -5.4011e-02],
          [ 1.2321e-02,  1.1940e-01,  8.9337e-02]],

         [[-9.6525e-02,  5.6350e-02, -4.0806e-02],
          [ 1.1371e-01, -3.1208e-02, -2.6445e-02],
          [ 2.0557e-02, -9.3831e-02, -3.1597e-02]],

         [[ 2.4714e-02, -3.0700e-02,  2.5930e-02],
          [ 4.9430e-02,  1.4094e-02,  8.6404e-02],
          [-2.0061e-03, -1.4544e-03,  3.6600e-02]]],


        [[[ 5.0273e-02,  1.6342e-02, -3.6267e-02],
          [ 9.8951e-03, -4.0850e-02, -1.2480e-01],
          [-1.0417e-01, -2.9815e-02, -4.2353e-02]],

         [[ 9.5768e-02,  6.6012e-02, -5.9911e-02],
          [ 3.7325e-02, -1.9312e-02, -5.8868e-02],
          [-1.6235e-02, -1.4964e-01, -9.7073e-02]],

         [[ 1.0955e-01,  1.7253e-02, -4.4089e-03],
          [ 1.9565e-02,  4.6018e-02, -5.0229e-03],
          [-2.9091e-03, -2.3515e-02, -7.7961e-02]],

         ...,

         [[-2.3644e-02, -3.3809e-02,  4.8751e-02],
          [ 3.4889e-02, -2.1374e-02,  7.0237e-02],
          [ 6.6042e-03,  2.2380e-02,  1.6783e-02]],

         [[ 8.7289e-02,  3.2895e-02,  2.4992e-02],
          [-5.2876e-02,  4.6304e-02,  6.3436e-02],
          [-5.4292e-02, -7.9807e-02,  4.0962e-02]],

         [[ 9.6864e-03, -1.5410e-02,  8.8185e-02],
          [ 7.1429e-02, -6.7818e-02,  5.0420e-03],
          [-1.0510e-02, -1.1230e-01, -4.2731e-02]]],


        ...,


        [[[-7.7175e-02, -1.8626e-01,  2.1850e-02],
          [-5.0969e-03, -1.0229e-02, -4.6078e-02],
          [-3.8511e-02,  4.5330e-02,  2.1209e-02]],

         [[ 3.7271e-02, -2.4947e-02, -5.8071e-02],
          [-4.0323e-02, -8.9001e-03, -2.7747e-02],
          [ 1.7770e-01,  6.6314e-02, -5.4768e-02]],

         [[ 2.2888e-02, -2.2418e-02, -6.6998e-02],
          [ 6.7830e-02,  3.0106e-02,  7.6410e-02],
          [-1.4886e-02,  8.1726e-02,  3.0007e-02]],

         ...,

         [[ 3.3603e-02, -1.4415e-02, -3.2618e-02],
          [ 3.3464e-02,  7.7752e-02, -7.6517e-02],
          [ 7.5719e-02, -1.2030e-01, -6.8475e-02]],

         [[ 2.7663e-02, -3.5204e-02, -1.3739e-01],
          [-8.6199e-02,  8.8180e-02,  9.9528e-02],
          [ 1.1839e-01, -2.2368e-03,  6.4227e-02]],

         [[-6.0085e-02,  6.0002e-02, -2.6855e-02],
          [ 5.0979e-02,  3.7512e-03,  7.8785e-02],
          [ 6.5559e-02,  1.9205e-02, -5.6357e-03]]],


        [[[-5.8347e-02,  2.8099e-02,  1.5534e-02],
          [ 3.5643e-02,  2.2651e-03,  4.0820e-02],
          [ 4.0263e-02, -9.3996e-03, -8.2813e-02]],

         [[-1.0423e-01, -9.5691e-02, -9.1063e-02],
          [ 8.8938e-02, -3.8595e-03, -5.4305e-02],
          [ 3.6777e-02, -7.6739e-02, -9.7768e-02]],

         [[ 2.7945e-02,  9.3314e-03, -7.7015e-03],
          [-5.3412e-02,  5.4351e-02,  7.7316e-03],
          [ 5.7089e-02, -9.9438e-02, -6.9604e-02]],

         ...,

         [[-1.2163e-02, -5.6521e-02, -1.0190e-01],
          [-5.5046e-02, -1.0134e-02,  2.4460e-02],
          [ 5.1218e-02, -3.0616e-02, -8.2429e-02]],

         [[ 4.1474e-02,  9.0696e-02,  1.5352e-02],
          [-7.8583e-02,  1.5736e-01, -7.9509e-02],
          [-9.8689e-02,  2.4318e-02, -1.2742e-03]],

         [[ 7.9052e-03, -1.6970e-02, -9.2227e-02],
          [-3.3766e-02,  3.8342e-02,  1.4157e-01],
          [ 1.2710e-02,  1.8935e-02, -1.4469e-01]]],


        [[[-6.7932e-02,  7.9710e-02,  6.0809e-02],
          [ 3.9820e-03,  5.1496e-02, -8.7797e-02],
          [-1.0601e-02, -1.4990e-02,  2.1042e-02]],

         [[ 1.2993e-02,  2.6710e-02, -3.7891e-03],
          [-2.1934e-01,  4.1935e-02, -3.0147e-02],
          [ 4.4310e-02,  9.5215e-02,  5.8322e-02]],

         [[ 4.2309e-02, -9.7616e-03,  4.0799e-02],
          [-9.5380e-02, -7.2858e-02, -6.9556e-03],
          [-3.1895e-02,  4.1691e-02, -2.0463e-02]],

         ...,

         [[ 6.7429e-02, -8.7871e-02,  2.6234e-02],
          [-6.1182e-03, -9.9388e-03,  4.8901e-02],
          [-7.7472e-02,  3.6874e-02,  8.7968e-03]],

         [[-2.2592e-02, -2.6072e-02, -3.7769e-02],
          [ 1.0909e-01, -3.4271e-02, -4.3238e-02],
          [ 1.0202e-01, -2.5404e-02, -6.2535e-02]],

         [[-4.2302e-02,  9.2174e-02,  1.2575e-04],
          [-4.8176e-02, -9.8156e-02,  9.0994e-03],
          [-2.8543e-02,  3.1082e-02,  8.9225e-03]]]])), ('features.4.bias', tensor([-7.1031e-10,  5.7353e-09, -8.8869e-09,  4.4419e-09, -2.7316e-09,
        -5.1090e-09,  7.5378e-09,  9.8433e-09, -9.6861e-09,  1.0537e-09,
        -4.9309e-09,  4.1409e-09, -2.8020e-09,  8.7475e-10, -4.5844e-09,
        -2.4362e-09, -3.0709e-09,  2.5342e-09, -3.5648e-09,  5.8990e-09,
        -9.4499e-09,  5.3670e-09, -4.0428e-09, -7.2964e-09,  6.3814e-10,
         5.5915e-09,  1.8707e-09,  5.3987e-09, -3.5032e-09, -3.1065e-09,
        -1.5864e-09,  1.2669e-09, -4.7769e-09,  9.9950e-10,  1.6133e-09,
         8.3273e-10, -1.4729e-09,  1.9793e-09, -6.6942e-09,  3.1893e-09,
         1.2571e-10,  6.2353e-10,  8.4608e-09,  3.3299e-09, -3.0049e-09,
         7.9585e-09, -6.9687e-09,  1.2293e-09,  1.4426e-10, -6.6793e-09,
         2.0178e-09,  1.5353e-09, -4.6941e-10, -3.8374e-09, -2.8356e-09,
        -3.8300e-09, -6.8591e-10,  2.7133e-09, -5.7078e-09, -1.2585e-09,
        -5.4608e-09, -4.2681e-09,  3.9510e-09,  8.8596e-09])), ('features.5.weight', tensor([0.9775, 0.9880, 1.0040, 1.0014, 0.9885, 1.0171, 0.9945, 1.0041, 0.9948,
        1.0120, 1.0014, 0.9895, 0.9908, 0.9922, 1.0020, 1.0044, 0.9990, 1.0001,
        1.0157, 1.0227, 1.0064, 0.9773, 0.9905, 1.0002, 0.9838, 1.0012, 0.9946,
        0.9932, 0.9877, 0.9853, 0.9736, 0.9878, 1.0043, 1.0119, 1.0033, 0.9996,
        1.0212, 0.9950, 1.0050, 0.9952, 0.9918, 0.9994, 0.9871, 1.0037, 1.0028,
        1.0074, 1.0125, 0.9875, 0.9870, 1.0054, 1.0106, 1.0082, 0.9913, 1.0219,
        1.0165, 1.0090, 0.9931, 1.0280, 0.9934, 1.0228, 0.9959, 0.9982, 0.9927,
        1.0167])), ('features.5.bias', tensor([-0.0122, -0.0052, -0.0044, -0.0022, -0.0085,  0.0016,  0.0041, -0.0050,
        -0.0117,  0.0052,  0.0089, -0.0184, -0.0049, -0.0066, -0.0040, -0.0032,
        -0.0074,  0.0031,  0.0082,  0.0087,  0.0037, -0.0199, -0.0017, -0.0025,
        -0.0164, -0.0124, -0.0150, -0.0089, -0.0088, -0.0148, -0.0037, -0.0046,
         0.0161, -0.0059, -0.0147, -0.0006, -0.0059, -0.0096,  0.0002, -0.0045,
        -0.0036, -0.0190,  0.0016, -0.0030,  0.0037,  0.0007,  0.0088, -0.0008,
         0.0096, -0.0014,  0.0118, -0.0033, -0.0069, -0.0101,  0.0025,  0.0065,
        -0.0031,  0.0181,  0.0007,  0.0028,  0.0060, -0.0013,  0.0076,  0.0075])), ('features.5.running_mean', tensor([ 0.5940, -0.6026,  0.7654, -1.0960,  1.0975, -0.2674, -0.1222, -0.3292,
         0.1212, -1.3523, -0.4199,  0.6524,  0.3984,  0.5075, -0.4154, -1.5098,
        -0.1953, -0.5623, -0.3015, -0.3666,  0.0047,  0.5081,  0.0639,  0.9600,
         0.2188, -0.1602, -0.3427,  0.0991, -0.7118, -0.5371,  1.0677, -0.1208,
         0.5339, -1.0331, -0.5928, -0.3431, -0.3523,  0.8503, -0.9287, -0.2378,
        -0.6540,  0.7656,  0.7035, -1.0048, -0.1092, -1.3768, -0.8642,  0.0483,
         1.1389,  1.4753,  0.9001,  0.3426, -0.1031, -0.2651, -1.4128, -0.5097,
         0.0316, -0.3414, -0.8445,  0.1192, -1.0534, -0.1879, -0.0882,  0.1729])), ('features.5.running_var', tensor([0.9139, 0.5095, 0.7981, 0.6981, 0.7633, 0.5049, 0.8899, 1.0948, 1.1398,
        0.6139, 0.7271, 0.9551, 0.6456, 0.9821, 1.0383, 1.0536, 1.0373, 0.3133,
        0.5542, 0.6834, 0.4293, 0.7197, 0.8147, 0.9037, 0.6519, 0.4409, 0.4099,
        0.5403, 0.5414, 0.7224, 0.6350, 0.4835, 0.7885, 0.7218, 0.3794, 0.2618,
        0.9669, 0.7020, 0.4516, 0.4528, 0.5649, 0.5283, 0.5306, 0.6409, 0.4390,
        0.5279, 0.7012, 1.4071, 0.8049, 0.8111, 0.6484, 0.4002, 0.5856, 0.7935,
        0.7168, 0.4206, 0.6182, 0.9043, 0.6714, 0.8302, 0.7986, 0.5019, 0.5593,
        0.3521])), ('features.5.num_batches_tracked', tensor(334)), ('features.8.weight', tensor([[[[-1.1143e-01,  1.1066e-02, -6.1633e-03],
          [-5.9206e-02,  2.3521e-02,  2.3995e-02],
          [-1.4343e-03,  4.2084e-02, -3.0092e-02]],

         [[ 4.3327e-02, -4.2231e-02, -5.5056e-02],
          [ 4.1227e-02, -1.4728e-01,  6.8067e-02],
          [ 1.2021e-01, -2.3209e-02,  7.1452e-02]],

         [[ 7.1756e-02, -5.2255e-02, -1.5744e-01],
          [-1.1177e-02,  3.9987e-02,  3.0655e-02],
          [-3.4207e-02,  4.0533e-02, -3.4317e-03]],

         ...,

         [[ 2.6116e-02, -1.0436e-01,  8.6106e-02],
          [-2.5585e-03, -2.1942e-02, -4.1617e-02],
          [-3.6664e-02, -1.8603e-01, -3.3470e-02]],

         [[ 2.7912e-02, -8.9732e-03,  6.3851e-02],
          [ 4.1833e-02, -4.6361e-02,  2.5920e-02],
          [-9.2800e-05,  1.8679e-02, -3.4405e-02]],

         [[ 3.9689e-02,  3.3356e-02, -2.9235e-02],
          [-3.8046e-02, -2.8417e-02,  9.4315e-02],
          [ 6.0298e-02, -7.1262e-03,  1.0881e-02]]],


        [[[ 7.5637e-02, -1.4787e-03, -2.4158e-02],
          [ 7.2161e-02, -6.2940e-02,  5.2394e-02],
          [-9.3007e-02, -8.0305e-02,  3.5563e-02]],

         [[-6.8696e-02,  2.4334e-02, -7.1151e-02],
          [-8.3057e-03, -1.6036e-02, -6.5278e-02],
          [ 1.9367e-03, -7.2100e-02,  5.6383e-02]],

         [[-3.4530e-02,  7.7597e-03, -4.1623e-03],
          [ 4.1151e-02, -6.5333e-03,  1.2079e-02],
          [-5.3706e-02,  5.6418e-02, -4.6971e-02]],

         ...,

         [[ 6.4019e-02, -1.3218e-01,  1.5060e-02],
          [-1.0826e-02, -1.1819e-03, -4.3977e-02],
          [ 8.2677e-02, -8.4466e-02, -1.5047e-01]],

         [[-4.6330e-03,  2.0531e-02,  3.2755e-02],
          [ 2.7032e-02,  1.9924e-02, -1.5846e-02],
          [ 9.4505e-02, -4.9407e-02,  2.9135e-02]],

         [[-3.2636e-02, -3.1361e-02, -4.7463e-02],
          [-4.0888e-02, -1.0662e-02,  1.0541e-02],
          [-1.1392e-01,  1.9353e-02, -1.1456e-02]]],


        [[[ 8.5406e-02,  4.6304e-02,  2.9196e-02],
          [-1.3835e-01,  1.3121e-02, -3.6284e-02],
          [ 6.8460e-02, -3.2487e-02,  7.7448e-02]],

         [[-1.8492e-02,  1.8474e-03,  3.6126e-02],
          [-5.9353e-02,  2.8957e-03,  2.6966e-03],
          [-8.0044e-02,  7.6585e-03,  1.9571e-02]],

         [[-2.6723e-03,  4.2171e-02,  2.1184e-02],
          [ 7.1421e-02,  1.1575e-01, -2.7356e-02],
          [ 7.5936e-03,  8.8443e-02,  6.6340e-02]],

         ...,

         [[-5.9586e-02, -4.1638e-03,  1.7312e-02],
          [ 5.6661e-02,  6.7622e-02,  5.7631e-02],
          [ 3.4618e-02, -3.3925e-02, -9.4389e-02]],

         [[-1.6956e-01,  4.5735e-02,  8.3281e-02],
          [ 4.2374e-03, -5.1428e-02, -3.8324e-02],
          [ 2.4223e-02,  3.5333e-02, -7.6862e-02]],

         [[ 6.1846e-02, -1.8031e-02,  6.3408e-02],
          [-2.2251e-02,  3.4997e-02, -2.8020e-02],
          [-1.9040e-02,  5.5867e-02, -1.1060e-01]]],


        ...,


        [[[-2.5927e-02, -4.0000e-02, -3.8568e-02],
          [ 5.5075e-02, -6.5017e-02, -1.0478e-01],
          [-3.4126e-02, -8.0263e-02, -8.0664e-02]],

         [[ 2.6105e-02, -1.5946e-02,  6.4757e-02],
          [-4.2644e-02,  1.7386e-02,  6.7513e-02],
          [ 2.7008e-02,  4.9104e-02, -1.0260e-01]],

         [[ 1.1404e-04, -2.7340e-02,  7.4188e-02],
          [-2.5667e-03, -5.5752e-03,  4.3004e-02],
          [-3.9863e-02, -7.1858e-02,  1.3542e-02]],

         ...,

         [[-6.6019e-02, -1.0914e-02, -8.2959e-02],
          [-2.6146e-02, -6.8402e-02,  1.3992e-02],
          [-1.2054e-01,  4.5755e-02, -1.6456e-02]],

         [[ 6.2955e-02,  7.3098e-02,  2.9278e-02],
          [ 1.8476e-02, -6.3671e-02, -6.1833e-03],
          [ 1.0215e-01, -1.5919e-02,  7.1228e-02]],

         [[-6.7065e-02,  3.0321e-02, -2.9218e-02],
          [ 1.8286e-02,  3.4881e-02,  6.0986e-02],
          [-7.3694e-02, -7.9445e-02, -8.1479e-02]]],


        [[[ 8.9032e-03,  8.8211e-02, -3.9411e-02],
          [ 3.3354e-02,  3.9485e-02,  2.9915e-03],
          [ 7.3206e-03, -1.7071e-02, -5.4457e-02]],

         [[-1.1282e-01, -4.5112e-02,  5.2024e-02],
          [ 6.5785e-03,  9.0190e-02,  2.8095e-02],
          [ 5.1734e-02, -2.2071e-02,  6.3896e-02]],

         [[-7.7521e-02,  1.5793e-02, -5.8284e-02],
          [-3.1384e-02, -1.7500e-03,  4.6270e-02],
          [ 8.4877e-02,  2.2801e-02,  3.4995e-02]],

         ...,

         [[-3.9581e-02, -1.2787e-03, -2.6631e-02],
          [ 1.8171e-02, -2.7924e-02, -5.3765e-03],
          [ 2.4585e-03,  6.6459e-02,  4.1063e-02]],

         [[ 1.5551e-02, -2.5755e-02, -5.7628e-02],
          [ 1.7703e-02, -4.3977e-02,  3.9285e-02],
          [ 7.2007e-04,  6.6231e-02,  9.5266e-03]],

         [[-4.9774e-02, -1.8181e-02,  9.2942e-03],
          [-6.7455e-02,  1.6342e-02, -7.5960e-02],
          [ 1.4848e-02, -3.3880e-02, -5.0657e-02]]],


        [[[ 5.4663e-02,  5.2361e-02, -3.6445e-03],
          [-3.4975e-02,  2.4034e-03,  1.1262e-02],
          [ 4.6939e-02, -1.5556e-01, -4.1237e-02]],

         [[ 8.1751e-02,  1.9078e-02, -3.2572e-02],
          [-9.7986e-03, -8.0099e-02,  8.6147e-02],
          [-7.5029e-04, -8.4579e-03,  5.5192e-02]],

         [[-6.0776e-02, -1.4944e-02,  2.5658e-02],
          [-5.9997e-02,  7.3558e-02, -9.4872e-02],
          [-4.3864e-03,  6.4165e-02,  2.4009e-02]],

         ...,

         [[ 8.1670e-02, -9.0685e-02,  4.8143e-02],
          [ 6.0337e-02, -3.8410e-02,  6.9995e-02],
          [ 7.1368e-02,  3.6941e-02, -7.0189e-02]],

         [[ 1.2099e-02, -5.3088e-02, -7.4393e-02],
          [-9.8142e-02, -3.7560e-02, -1.1033e-02],
          [-7.0363e-02, -9.5314e-02, -6.1422e-02]],

         [[-3.2660e-02,  1.0300e-01, -5.9516e-02],
          [-1.3044e-02,  3.1986e-02, -1.1776e-02],
          [-2.5168e-02,  7.6257e-02, -2.5276e-02]]]])), ('features.8.bias', tensor([-1.2310e-09,  4.5709e-10,  1.8664e-09, -2.5725e-09, -4.6168e-09,
         7.3563e-10, -2.1853e-09,  1.4330e-09,  1.5018e-09,  1.6312e-09,
         2.8007e-10, -8.9555e-10, -2.9654e-09,  5.7158e-10, -1.3846e-09,
         3.4085e-09,  1.9640e-09, -2.3850e-09,  1.6884e-09,  4.3167e-10,
         6.5691e-10, -1.2547e-09,  1.1213e-09,  9.7683e-11, -1.1923e-09,
         2.5064e-09, -3.3539e-09, -7.4165e-10, -1.4376e-09, -6.3155e-10,
        -1.4021e-10,  3.0304e-09,  4.1192e-10,  1.5549e-09, -2.6093e-09,
         5.2220e-10,  3.0170e-09, -8.2769e-09,  8.4200e-10,  8.8877e-10,
         1.4361e-09,  2.1465e-09, -2.4208e-09,  3.3811e-10, -2.6635e-10,
         1.0902e-09,  2.0982e-09, -1.9915e-09, -2.6558e-09, -1.6276e-09,
        -3.5514e-09,  2.0356e-10, -2.5942e-09,  7.4382e-10, -1.0462e-09,
         3.2110e-09, -7.4653e-10, -5.8249e-10,  1.6834e-09, -3.8670e-10,
         8.8832e-10,  1.8935e-09, -2.9652e-10,  3.1944e-09])), ('features.9.weight', tensor([1.0088, 0.9865, 1.0072, 1.0008, 1.0122, 1.0072, 0.9946, 0.9841, 1.0100,
        0.9960, 1.0127, 0.9976, 1.0011, 1.0022, 0.9905, 1.0052, 1.0063, 1.0184,
        1.0032, 1.0124, 1.0206, 1.0192, 0.9936, 1.0205, 0.9776, 1.0025, 1.0138,
        1.0084, 1.0015, 1.0104, 1.0149, 1.0017, 1.0062, 0.9963, 1.0045, 0.9960,
        1.0134, 0.9965, 1.0186, 1.0033, 1.0041, 0.9946, 0.9971, 1.0011, 0.9968,
        1.0118, 1.0181, 0.9850, 1.0024, 0.9930, 1.0001, 1.0048, 1.0059, 1.0000,
        1.0176, 1.0003, 0.9863, 1.0054, 1.0045, 1.0182, 1.0120, 0.9931, 0.9929,
        0.9992])), ('features.9.bias', tensor([ 0.0009, -0.0152, -0.0065, -0.0149, -0.0035, -0.0119, -0.0155, -0.0241,
        -0.0103, -0.0156, -0.0047, -0.0238, -0.0074, -0.0059, -0.0202, -0.0064,
        -0.0065, -0.0116, -0.0062, -0.0130,  0.0047, -0.0077, -0.0152, -0.0071,
        -0.0179, -0.0089, -0.0109, -0.0134, -0.0109, -0.0151, -0.0067, -0.0196,
         0.0134, -0.0162, -0.0160, -0.0075, -0.0039, -0.0182, -0.0033, -0.0093,
        -0.0072, -0.0208, -0.0117, -0.0039, -0.0174, -0.0048,  0.0023, -0.0205,
        -0.0054, -0.0120, -0.0111, -0.0111, -0.0003, -0.0213, -0.0065, -0.0094,
        -0.0212, -0.0059, -0.0181, -0.0170, -0.0122, -0.0154, -0.0152, -0.0150])), ('features.9.running_mean', tensor([-0.5282,  0.2865,  1.0323, -2.1873, -0.0989, -0.5357,  0.4270, -0.9894,
        -0.5844, -2.2279,  0.7227, -0.3490, -0.6563,  0.8189,  0.4616, -0.4954,
        -1.2144, -1.1170, -1.5135, -0.9653, -1.2340, -1.5664, -0.6449,  0.6770,
         1.8283, -1.3030, -0.7930,  0.6760, -0.5275, -0.8866,  0.8507, -0.4649,
         0.3034,  0.0222, -0.3725,  0.8145,  0.0239, -0.6659, -0.4992, -0.0818,
        -0.0211, -0.6381,  1.3393, -0.0160,  0.1122, -0.0750,  0.3184,  1.2472,
        -0.8911,  0.6283,  1.2027, -1.8886,  0.2324, -1.0939, -0.6644,  0.5407,
         0.2812,  0.1737,  0.9568, -0.8325, -0.8243, -1.4592,  1.0513, -0.4821])), ('features.9.running_var', tensor([1.3972, 0.7568, 0.8273, 1.6865, 1.3993, 0.9307, 0.9895, 0.8949, 1.4257,
        1.0891, 1.1950, 1.1640, 0.7985, 1.1699, 0.9463, 1.4081, 1.7028, 1.1004,
        1.0902, 1.0382, 2.1307, 1.7026, 1.0127, 0.8328, 1.5489, 1.0018, 1.4329,
        1.1160, 1.2211, 1.3744, 0.9754, 1.5537, 1.1430, 0.8484, 1.0094, 0.6861,
        0.8030, 1.2582, 1.8071, 1.0887, 1.0828, 1.2531, 0.9294, 0.8263, 1.2882,
        0.7502, 1.0923, 1.2527, 0.8894, 1.1744, 1.1692, 1.1862, 0.9898, 1.1863,
        1.1405, 1.0914, 1.1022, 0.5811, 0.9083, 1.1515, 1.4895, 1.3227, 1.0573,
        1.3132])), ('features.9.num_batches_tracked', tensor(334)), ('denses.0.weight', tensor([[ 0.0183,  0.0066,  0.0062,  ..., -0.0124, -0.0083,  0.0153],
        [ 0.0036, -0.0090,  0.0005,  ..., -0.0041,  0.0098,  0.0023],
        [ 0.0035, -0.0019,  0.0070,  ..., -0.0027, -0.0136,  0.0074],
        ...,
        [ 0.0115,  0.0049, -0.0068,  ..., -0.0012,  0.0265, -0.0035],
        [-0.0051, -0.0002, -0.0009,  ...,  0.0045,  0.0077, -0.0093],
        [-0.0017,  0.0236,  0.0025,  ..., -0.0060, -0.0102,  0.0074]])), ('denses.0.bias', tensor([ 1.4936e-04, -8.7088e-04,  5.8162e-04, -1.7564e-04,  3.7828e-04,
         1.2941e-04,  1.4649e-04,  4.5265e-04, -3.2392e-04,  9.7809e-04,
         2.3823e-04, -1.6448e-03, -6.0755e-04, -6.5960e-04, -3.2469e-04,
        -6.2873e-04, -3.7082e-03,  6.6367e-06, -8.0959e-04, -2.6427e-04,
        -1.2774e-04, -6.4588e-04, -2.2700e-03,  1.5996e-03,  2.5013e-04,
        -8.2428e-04,  2.0776e-03,  4.0530e-04,  7.9650e-04,  7.1929e-04,
         2.0444e-03,  3.8485e-04,  1.9355e-03, -1.1406e-04, -7.6763e-04,
        -4.7962e-04,  4.9585e-04, -1.7528e-03,  1.1428e-03, -1.1683e-03,
         1.4620e-03,  1.7850e-03, -9.3807e-04, -2.1038e-03,  1.7142e-03,
        -2.1557e-03, -6.5252e-04, -2.7753e-04,  1.1310e-03, -1.2232e-03,
         1.1779e-04,  5.5205e-04, -2.3609e-04,  1.4314e-03, -1.2951e-03,
         3.7907e-03,  1.3325e-03, -4.2841e-05,  7.6049e-05,  1.0183e-03,
         6.9406e-04, -1.2246e-04, -4.5152e-04,  4.3234e-04,  7.3604e-04,
         8.4025e-04,  7.8620e-04,  5.4105e-04, -1.1790e-03,  5.9582e-04,
        -8.3403e-04, -4.4026e-04, -1.6293e-03, -4.9721e-04,  7.0109e-04,
         4.3046e-04,  2.5847e-03,  9.7527e-05,  3.0326e-05,  3.1004e-04,
         3.7142e-03, -5.2416e-04, -1.0240e-03, -1.4987e-03, -5.4078e-04,
         9.9863e-05,  1.0583e-03,  1.4610e-03, -3.1291e-03,  3.8767e-03,
        -2.6705e-03,  3.4189e-04,  1.7442e-03,  3.3837e-04,  2.3848e-03,
         2.9077e-04,  7.9979e-04, -3.2584e-04, -3.4875e-04, -4.2583e-04,
         1.2582e-03, -9.9715e-04,  3.8241e-04,  1.2444e-03,  7.5620e-04,
         1.8148e-03,  8.3146e-05, -2.7092e-03,  3.4829e-05, -1.6471e-03,
        -2.8971e-03, -8.8477e-04, -1.3424e-04,  2.5286e-03, -1.4826e-03,
        -9.2974e-04,  5.0336e-04, -3.4692e-04, -1.5184e-03, -1.0621e-03,
        -1.0174e-03,  1.1690e-04, -1.4639e-03,  1.9247e-04, -1.5544e-03,
         2.0217e-03,  2.8518e-04, -1.3227e-03])), ('denses.1.weight', tensor([[ 0.0111,  0.0285, -0.0083,  ..., -0.0609, -0.0302,  0.0415],
        [-0.1148, -0.0392, -0.0849,  ...,  0.0061, -0.0131, -0.0202],
        [-0.0054,  0.0212,  0.0321,  ..., -0.0487,  0.0338,  0.0224],
        ...,
        [ 0.0598,  0.0297,  0.0625,  ..., -0.0303,  0.0010, -0.0242],
        [-0.0233, -0.0833, -0.0680,  ..., -0.0151, -0.0227, -0.0274],
        [-0.0545, -0.0003, -0.0202,  ...,  0.0395,  0.0581, -0.1168]])), ('denses.1.bias', tensor([-0.0362, -0.0136,  0.0206,  0.0498,  0.0271, -0.0162, -0.0255,  0.0143,
        -0.0376,  0.0173]))]), 16666.666666666668)