(OrderedDict([('features.0.weight', tensor([[[[ 4.0510e-02, -7.1589e-02,  3.5370e-02],
          [ 2.8802e-02, -6.1455e-03, -5.5398e-02],
          [-9.0041e-02, -2.9296e-02, -2.7710e-02]],

         [[-1.6422e-02, -1.4233e-01,  5.9424e-02],
          [-1.0279e-01,  2.3488e-02, -1.3884e-01],
          [-6.3359e-02, -5.0930e-02, -1.1487e-01]],

         [[ 3.1572e-02, -1.6204e-01,  1.1213e-01],
          [ 8.2745e-03, -7.3172e-02,  8.0747e-02],
          [-2.6545e-02, -1.8685e-01, -1.9643e-02]]],


        [[[-1.5527e-01, -4.2729e-02, -2.8039e-02],
          [-1.0618e-01, -3.9386e-02,  1.0325e-01],
          [-1.0257e-02,  6.0735e-02,  1.3929e-01]],

         [[ 1.0699e-01, -2.3258e-02,  3.0365e-02],
          [-1.2913e-02,  9.4758e-02, -7.9408e-03],
          [ 7.1817e-02, -7.8081e-02, -3.3911e-02]],

         [[-6.0426e-02,  3.8507e-02,  5.2915e-02],
          [ 1.7294e-01,  2.7874e-02,  4.1993e-02],
          [-1.5561e-02,  2.8910e-02, -1.0772e-01]]],


        [[[-3.6038e-02, -2.2645e-01, -1.7351e-02],
          [ 1.3342e-01, -4.7644e-02,  3.9183e-02],
          [-1.4492e-02,  1.7755e-01,  1.0327e-01]],

         [[-1.0129e-01, -8.1067e-02, -1.6799e-01],
          [-8.6286e-03, -6.5394e-02, -1.2369e-01],
          [ 2.4822e-01,  1.6204e-01,  5.3681e-02]],

         [[-3.0103e-02,  6.9639e-02, -8.7158e-02],
          [-4.6178e-02, -7.3345e-02,  6.6430e-02],
          [ 4.5453e-02, -4.8892e-02,  8.1760e-02]]],


        [[[-1.9050e-01, -1.0391e-02, -1.6559e-01],
          [-2.5840e-02,  5.9106e-02, -6.6831e-02],
          [ 4.6837e-02, -1.6966e-01, -9.6989e-03]],

         [[-6.2415e-02, -5.9307e-02, -3.9380e-02],
          [-5.5268e-02,  7.1010e-02,  6.9744e-02],
          [-1.6742e-02,  3.1898e-02, -2.9153e-02]],

         [[ 1.5318e-01,  8.5270e-02,  3.9067e-03],
          [ 1.1124e-01,  3.8288e-02,  7.4511e-02],
          [-4.8196e-02,  3.0617e-02,  1.0966e-01]]],


        [[[ 3.0277e-01, -4.1399e-02,  6.5106e-03],
          [-2.7817e-03, -1.1313e-01,  1.5057e-01],
          [ 2.2337e-02, -4.4192e-02, -1.1839e-01]],

         [[ 7.1813e-02, -1.6642e-01,  3.1078e-02],
          [-4.8670e-02, -1.7586e-01,  4.5144e-03],
          [ 1.3314e-02,  6.4042e-02,  3.9698e-02]],

         [[-8.5435e-02, -1.8931e-01,  4.6535e-02],
          [ 3.1419e-02, -4.8812e-03,  1.2919e-01],
          [-1.0876e-01,  1.6710e-01, -4.8677e-02]]],


        [[[-1.7970e-01, -4.4332e-02,  1.7838e-03],
          [-1.8747e-01,  4.8067e-02,  3.2165e-02],
          [-2.2016e-02, -1.4860e-01,  3.3088e-02]],

         [[ 4.8324e-02, -1.4491e-01, -1.3318e-01],
          [ 1.4332e-01, -7.8832e-02,  3.7379e-02],
          [-1.1124e-01, -6.6792e-03, -5.9528e-02]],

         [[-4.8096e-03, -6.0498e-03, -2.5166e-03],
          [ 2.4138e-01,  1.5526e-01,  1.2485e-01],
          [ 7.3599e-02,  2.8466e-02,  5.2293e-02]]],


        [[[ 2.0018e-02,  6.3134e-02,  3.9238e-03],
          [ 4.8683e-02,  5.7557e-02,  1.0389e-03],
          [ 8.2703e-02, -8.6965e-03,  1.4241e-01]],

         [[-1.0240e-01, -1.6932e-02, -3.0273e-02],
          [-8.4691e-02, -1.3658e-01, -2.0245e-01],
          [-2.0773e-01, -1.1969e-01,  9.5694e-02]],

         [[ 9.3640e-02,  1.2654e-01,  5.6931e-02],
          [-1.8881e-02, -1.3786e-02, -1.7147e-02],
          [-7.2121e-02, -7.4273e-02,  7.5122e-03]]],


        [[[ 7.7081e-02, -2.2031e-02,  9.3564e-02],
          [ 1.0835e-03,  1.5063e-01,  6.6648e-02],
          [ 1.0588e-01, -6.3398e-02, -1.4711e-01]],

         [[ 6.2037e-02, -1.5307e-01, -8.7508e-02],
          [-6.9518e-02, -1.1685e-01, -2.0961e-01],
          [ 1.3418e-01, -1.2299e-02, -9.6010e-02]],

         [[-1.1022e-01,  1.4160e-02,  1.3996e-01],
          [-4.1098e-03,  4.6231e-02, -7.0304e-02],
          [ 4.0433e-02, -9.8197e-03, -3.3833e-03]]],


        [[[-1.9029e-01,  3.2475e-02,  7.5433e-02],
          [-5.5072e-02, -6.0295e-02,  8.3072e-02],
          [ 4.8754e-02,  5.1866e-02, -6.4545e-02]],

         [[-2.6331e-02, -1.3496e-01,  1.2460e-01],
          [-7.9557e-02, -2.2820e-02, -3.3494e-02],
          [ 4.2110e-03,  1.5788e-01,  4.3055e-02]],

         [[-1.3695e-01, -6.5444e-03, -5.3889e-03],
          [-3.5048e-02,  3.5486e-02,  5.2539e-02],
          [-2.3799e-02,  1.3054e-02, -1.2872e-02]]],


        [[[ 1.3237e-01,  2.3276e-01,  4.5003e-02],
          [ 1.3648e-01,  3.7697e-03,  1.3075e-01],
          [-7.8252e-03,  8.8064e-02, -1.6046e-04]],

         [[ 3.4464e-02, -4.9687e-02, -1.2121e-01],
          [-1.0906e-02,  3.8143e-02,  4.3277e-02],
          [-1.6533e-01, -1.5662e-01, -1.2205e-01]],

         [[-3.8057e-02, -8.0110e-02, -9.6445e-03],
          [-5.2761e-02, -8.7956e-02, -1.6297e-01],
          [ 1.4161e-01, -5.8759e-02,  2.2518e-04]]],


        [[[-1.1939e-01,  4.0318e-02,  8.0394e-02],
          [-2.6087e-02, -5.9288e-02,  9.4671e-02],
          [ 1.1375e-02, -9.4902e-02,  1.5907e-01]],

         [[ 1.0793e-01, -2.1483e-01, -1.3755e-01],
          [ 1.0123e-01, -1.3413e-02, -8.5675e-02],
          [-1.1505e-01,  1.3208e-01,  9.0604e-02]],

         [[-8.9805e-02, -1.6057e-01,  1.0088e-01],
          [-3.3044e-02,  3.6349e-02,  1.3254e-01],
          [-1.6111e-01, -6.8818e-02, -2.6921e-02]]],


        [[[-2.2330e-02,  8.9047e-02,  3.2369e-02],
          [ 5.0440e-02,  9.1811e-02,  9.9976e-02],
          [ 6.2757e-02, -1.6755e-02,  6.2321e-02]],

         [[-6.7806e-02,  1.6282e-02, -4.1176e-02],
          [ 7.1895e-02, -5.9534e-02, -8.9039e-03],
          [-1.0184e-02,  2.2367e-02, -9.4536e-02]],

         [[ 5.8967e-02,  4.7632e-02,  1.5530e-01],
          [ 1.1374e-01, -7.4766e-02,  1.7709e-02],
          [ 7.3619e-02,  2.2654e-01, -8.5066e-02]]],


        [[[ 1.7865e-02,  5.3187e-02, -3.6461e-02],
          [-1.3337e-01, -7.5131e-02, -1.3618e-02],
          [-8.1051e-02,  5.7287e-02, -2.6618e-02]],

         [[ 3.3110e-02,  6.0748e-02,  4.5632e-02],
          [-1.3672e-01, -1.5547e-01, -1.8784e-02],
          [-7.4448e-02, -3.4581e-02,  2.3755e-02]],

         [[ 3.8864e-02,  1.8477e-01, -6.9057e-02],
          [-1.4145e-01, -4.2844e-02, -1.4189e-01],
          [-7.6713e-02, -4.6962e-02, -1.4738e-01]]],


        [[[ 5.1220e-03,  1.2134e-01,  1.4060e-01],
          [-2.8456e-02, -7.6031e-02,  7.2312e-02],
          [-2.6980e-02, -1.7196e-01, -2.1469e-02]],

         [[ 1.2833e-01,  8.3774e-02, -6.2477e-02],
          [ 1.4846e-01,  2.1531e-02, -4.9390e-02],
          [-1.9584e-01, -1.0757e-01, -2.2305e-02]],

         [[ 1.3672e-01, -4.8993e-02,  9.3576e-02],
          [-6.9106e-03,  1.2322e-02, -1.2960e-01],
          [-1.8822e-02, -3.4713e-02,  2.4285e-02]]],


        [[[-1.9519e-02,  4.7226e-02,  1.8383e-01],
          [-8.9707e-02, -7.1178e-02,  1.5327e-01],
          [-9.6381e-02, -2.1551e-02, -1.6184e-01]],

         [[-1.2213e-01,  1.0408e-01,  2.2252e-02],
          [-9.1353e-02,  3.4395e-02, -1.9998e-02],
          [-1.2361e-01, -7.5608e-02, -1.0402e-02]],

         [[ 1.3259e-01,  7.7385e-02,  9.8470e-02],
          [ 6.8852e-03, -4.9700e-02,  2.0422e-02],
          [-7.8644e-04, -1.3733e-01,  7.4537e-02]]],


        [[[ 6.4683e-02,  5.9326e-02, -5.7236e-02],
          [-3.3237e-03, -6.7917e-03,  5.6282e-02],
          [-2.1804e-02,  3.0280e-03,  1.0313e-01]],

         [[ 8.4317e-02,  1.7769e-01, -1.6872e-01],
          [ 5.6582e-04,  1.2729e-01,  2.7944e-02],
          [-8.8448e-02,  8.3427e-02,  1.8437e-01]],

         [[-3.1787e-02, -9.2120e-02, -1.2577e-01],
          [ 2.0090e-03, -1.3001e-01, -7.1130e-02],
          [-8.7622e-02, -1.3983e-01, -2.6798e-02]]],


        [[[-1.1116e-01, -1.2399e-01,  1.1979e-01],
          [ 2.8049e-02, -3.3073e-02,  2.8606e-02],
          [ 1.2254e-01, -1.5264e-02, -4.1334e-03]],

         [[ 3.9672e-02, -1.1281e-01, -1.5394e-01],
          [-1.5987e-02,  3.1383e-02,  2.2608e-02],
          [-1.4407e-04,  1.4463e-01,  3.8073e-02]],

         [[-7.6177e-02, -8.7446e-02,  9.6029e-02],
          [-1.3020e-01, -1.7423e-02, -2.0660e-01],
          [-8.5891e-02,  7.9664e-02,  1.2416e-02]]],


        [[[-2.4603e-01, -7.8126e-02,  1.5376e-01],
          [ 1.9906e-02,  7.2808e-02, -5.4195e-02],
          [ 4.6738e-02,  4.2811e-02,  2.0142e-02]],

         [[-3.5932e-02, -4.8015e-03, -1.0046e-01],
          [-9.1900e-02, -1.2745e-01,  2.4534e-02],
          [-6.4344e-02, -1.7502e-01, -8.0530e-02]],

         [[-4.8366e-02,  1.7594e-01,  4.8728e-02],
          [-5.6536e-02, -6.6702e-02, -5.6017e-04],
          [-6.0771e-02, -1.8497e-02,  7.6031e-02]]],


        [[[-1.0714e-01, -1.6918e-02,  1.5793e-01],
          [ 1.8720e-02,  2.9700e-02,  4.5334e-02],
          [-7.3215e-03,  2.7978e-03, -3.8646e-02]],

         [[-2.7310e-01, -7.2799e-02,  1.2084e-01],
          [-3.7846e-02, -2.2264e-02,  8.7774e-02],
          [-1.2555e-01,  1.1908e-01,  9.7343e-03]],

         [[-8.7420e-02, -1.9052e-02,  2.1656e-01],
          [-1.3938e-01, -1.0966e-01,  1.2382e-01],
          [ 2.7806e-02,  7.2089e-02, -1.3639e-02]]],


        [[[ 7.6509e-02, -8.2725e-02,  9.9552e-02],
          [ 4.2472e-02, -1.3177e-01,  2.6121e-02],
          [ 6.4729e-02, -1.0812e-01,  4.4028e-03]],

         [[-8.7442e-03, -9.5047e-02,  9.8580e-02],
          [-1.5723e-02,  2.6813e-02,  7.7133e-02],
          [ 7.4517e-02, -1.8649e-01, -8.5385e-02]],

         [[ 8.7095e-02,  1.0260e-02,  1.1467e-01],
          [ 2.6445e-01,  9.4629e-02,  5.6089e-02],
          [ 9.6410e-02, -5.4481e-02, -2.1608e-02]]],


        [[[ 9.0241e-02, -1.1786e-01,  9.7915e-02],
          [ 1.6632e-01,  4.1783e-02, -1.4397e-01],
          [ 8.8890e-02, -8.6013e-02,  5.3306e-02]],

         [[ 3.5089e-02, -5.7679e-02,  1.2082e-01],
          [ 8.9775e-02,  1.2118e-01,  2.1553e-02],
          [-4.7340e-03, -2.0409e-01,  6.6227e-02]],

         [[-7.2687e-03,  5.5392e-02,  1.0515e-01],
          [ 1.5364e-01, -7.2523e-02, -1.2568e-02],
          [ 4.7078e-02, -6.4601e-02,  7.1899e-02]]],


        [[[-1.0085e-01,  3.7485e-02,  1.4555e-01],
          [ 4.5145e-02,  5.4357e-02,  1.1842e-01],
          [ 8.1675e-02, -6.7949e-04,  8.3135e-02]],

         [[ 6.4986e-02,  7.0417e-02,  4.1577e-02],
          [-4.8798e-02,  4.6946e-02,  1.6973e-02],
          [-1.4555e-01, -6.7752e-02, -4.4612e-02]],

         [[-3.5144e-02,  1.1771e-01,  5.4825e-02],
          [-1.3561e-02, -7.1435e-02, -2.5240e-02],
          [ 9.8240e-02, -8.4735e-03,  8.5411e-02]]],


        [[[ 2.0342e-01, -4.3977e-02, -4.4099e-02],
          [ 5.8373e-02,  7.4416e-02,  5.5126e-02],
          [ 6.1861e-03,  2.8600e-02,  4.4971e-02]],

         [[ 5.7856e-03, -3.9639e-02, -5.1521e-02],
          [-1.7025e-02, -1.1410e-01, -9.6553e-02],
          [ 1.4965e-01, -1.5774e-02, -1.7139e-01]],

         [[ 3.6407e-02, -2.6600e-02, -7.8658e-02],
          [ 1.1292e-01,  5.2199e-02, -8.9469e-02],
          [ 4.0770e-02,  5.2310e-02,  3.6889e-03]]],


        [[[ 6.2665e-02,  1.2584e-01, -1.6186e-02],
          [ 2.5676e-02, -2.7739e-03,  4.6036e-02],
          [ 2.7809e-02,  1.0941e-01,  6.1311e-02]],

         [[-6.1258e-02,  1.3148e-01, -5.1699e-02],
          [ 8.6267e-03,  1.3488e-01,  3.3731e-02],
          [ 8.7505e-02,  8.8318e-03,  9.4854e-02]],

         [[-2.5360e-02,  3.3601e-04,  2.2628e-02],
          [ 1.4007e-01, -5.7548e-02, -2.4473e-02],
          [-4.0131e-02,  1.9302e-02, -4.7343e-03]]],


        [[[ 1.6105e-01,  5.1435e-02, -6.9944e-02],
          [-3.4422e-02, -3.6504e-02, -4.5288e-02],
          [ 5.9304e-02, -1.0540e-01, -8.9713e-03]],

         [[-2.6419e-02,  1.8282e-02,  5.9597e-02],
          [ 4.3387e-02, -5.4940e-02,  3.1584e-02],
          [-3.7038e-02,  1.2053e-01, -1.0286e-01]],

         [[-7.4682e-04,  1.3846e-02,  1.1462e-01],
          [ 3.1970e-02,  1.0551e-01, -1.1303e-01],
          [ 8.2091e-02,  8.9838e-02,  1.0579e-01]]],


        [[[ 2.9446e-02, -5.1256e-02, -2.3410e-01],
          [-9.9549e-02,  5.7219e-02, -5.6443e-02],
          [ 2.5158e-02, -1.1013e-01, -3.2464e-02]],

         [[-2.6396e-02, -1.8297e-02,  2.8970e-02],
          [-1.3479e-01,  5.0050e-02,  6.9010e-03],
          [ 5.9854e-02, -2.3162e-02,  6.5326e-02]],

         [[-2.1066e-02, -4.1160e-02,  1.1920e-01],
          [ 5.0866e-02, -6.8102e-02,  4.5250e-03],
          [ 1.1817e-01,  1.3185e-01,  1.2711e-01]]],


        [[[-5.8984e-02,  7.4509e-02, -1.2110e-01],
          [-1.3418e-02, -1.1622e-01,  3.1267e-02],
          [-6.0810e-02, -8.5646e-02,  1.6495e-02]],

         [[-3.9000e-03, -2.0897e-03,  6.8954e-02],
          [-1.8384e-01, -1.3869e-01, -7.6128e-02],
          [ 3.9490e-02,  5.1173e-02, -1.0263e-01]],

         [[ 5.0299e-02, -4.4734e-02, -1.6136e-01],
          [-4.9053e-02, -9.6753e-02,  3.0953e-02],
          [ 2.5907e-02,  7.0586e-02,  1.3255e-01]]],


        [[[-9.4408e-03, -5.8146e-02, -6.2283e-02],
          [ 1.2548e-01, -4.9730e-02,  3.9040e-04],
          [-1.1106e-01,  8.6654e-02, -1.1645e-01]],

         [[ 9.7386e-02,  5.8686e-02,  5.5752e-02],
          [ 5.8374e-02,  1.2457e-01,  1.6470e-02],
          [ 5.9360e-02,  8.7321e-02, -2.3865e-01]],

         [[ 6.2918e-03,  1.5964e-01, -1.7962e-01],
          [-1.4041e-02, -1.5840e-01, -1.0644e-02],
          [ 9.3685e-02, -3.7014e-02, -3.4447e-02]]],


        [[[-8.0950e-02, -1.3166e-02, -3.3622e-03],
          [ 4.2807e-02,  1.0705e-01, -8.4451e-02],
          [ 5.6089e-02,  6.3907e-02,  2.7173e-02]],

         [[-4.9870e-02, -1.6337e-02,  1.0998e-01],
          [-6.1875e-03, -9.5204e-02,  1.1277e-01],
          [-1.4319e-01,  8.0570e-02,  9.6436e-03]],

         [[ 4.5093e-02,  5.9105e-02,  2.2882e-02],
          [ 1.7594e-01, -1.9240e-02, -3.2758e-02],
          [ 5.7718e-03,  1.5499e-02,  1.4601e-01]]],


        [[[-2.7100e-02,  9.9393e-02, -4.0815e-02],
          [ 5.7691e-02,  3.7591e-02, -7.1301e-02],
          [-2.3592e-01, -2.3476e-02,  5.2668e-02]],

         [[ 7.2678e-02,  1.6980e-01, -4.7386e-02],
          [ 1.7925e-03, -2.6299e-02, -9.0155e-02],
          [-1.1557e-01, -6.8468e-02, -1.5609e-01]],

         [[ 7.1186e-02,  4.5921e-02, -9.3364e-03],
          [ 3.1371e-02, -1.1307e-01,  1.1698e-01],
          [-1.5058e-01,  4.1063e-02, -2.1132e-02]]],


        [[[-4.3438e-02, -2.2338e-04,  1.1869e-01],
          [-1.3576e-01, -1.3396e-02, -1.2049e-01],
          [ 6.9945e-02,  2.3606e-01,  5.9803e-02]],

         [[-2.4981e-03, -3.9004e-02, -1.6034e-01],
          [-1.2024e-01, -5.3533e-02, -1.6002e-01],
          [ 9.5035e-02,  3.8837e-02,  8.0292e-02]],

         [[-9.5625e-02,  7.3126e-02, -1.1130e-01],
          [ 8.7007e-03, -6.5534e-02,  3.3393e-02],
          [-2.8496e-04,  1.5657e-02,  1.5130e-01]]],


        [[[-1.9943e-02, -8.6234e-02,  1.5256e-01],
          [-1.4638e-01,  3.1587e-02, -1.4780e-01],
          [-5.5045e-02, -1.7499e-02, -4.6931e-02]],

         [[ 4.1289e-03,  4.1335e-02, -7.8587e-02],
          [-1.1688e-01, -1.7391e-01, -8.9634e-03],
          [ 4.4843e-02, -2.6891e-02, -1.0401e-01]],

         [[ 1.5559e-01,  6.8171e-02, -3.3179e-02],
          [-1.2523e-01,  7.1435e-02,  4.0481e-03],
          [-9.9898e-03,  6.1017e-02, -3.1842e-02]]]])), ('features.0.bias', tensor([ 5.4359e-09,  1.0285e-08, -9.0460e-09, -4.4877e-09,  4.1424e-08,
        -6.0440e-09, -9.4840e-09,  6.7463e-09, -3.3317e-08, -7.8663e-09,
        -9.6937e-09,  4.5019e-09,  4.2826e-09, -9.3196e-09,  7.1280e-09,
         7.0495e-09, -1.8107e-08,  1.2749e-09, -3.8968e-08,  2.3956e-09,
         2.4400e-09,  2.0467e-08,  2.0874e-08, -5.9280e-09, -2.9769e-09,
         7.5853e-10,  4.4326e-10,  7.5498e-09,  6.1729e-09,  8.4999e-09,
        -2.9691e-08, -4.0746e-09])), ('features.1.weight', tensor([0.9969, 1.0002, 1.0066, 0.9918, 1.0219, 1.0205, 0.9919, 0.9860, 0.9885,
        0.9897, 0.9984, 1.0020, 0.9894, 1.0205, 0.9966, 1.0062, 0.9873, 0.9931,
        1.0354, 0.9970, 0.9941, 1.0025, 1.0066, 1.0101, 0.9946, 1.0064, 0.9930,
        0.9894, 0.9836, 0.9972, 1.0127, 0.9901])), ('features.1.bias', tensor([-0.0086, -0.0057,  0.0144, -0.0036,  0.0094,  0.0284, -0.0070, -0.0025,
         0.0115, -0.0147,  0.0101,  0.0013, -0.0076, -0.0079, -0.0082,  0.0139,
         0.0055,  0.0049,  0.0124, -0.0066, -0.0007, -0.0059, -0.0158, -0.0026,
        -0.0079, -0.0002,  0.0088,  0.0091, -0.0194, -0.0068,  0.0164, -0.0200])), ('features.1.running_mean', tensor([ 0.2736, -0.0779,  0.0104, -0.0092,  0.0230,  0.0223,  0.1060,  0.0637,
         0.0613,  0.0215,  0.0884, -0.2219,  0.2666,  0.0098,  0.0665, -0.0023,
         0.1080,  0.1813, -0.0006, -0.1199, -0.1682, -0.1669, -0.0490, -0.2506,
        -0.1080,  0.0610,  0.2180,  0.0062, -0.1495,  0.1037,  0.0541,  0.1737])), ('features.1.running_var', tensor([1.3359, 0.1518, 0.5531, 0.2013, 0.0926, 0.2759, 0.3010, 0.1683, 0.2629,
        0.2811, 0.3242, 0.9232, 1.4599, 0.3301, 0.4610, 0.1926, 0.3978, 0.6381,
        0.4326, 0.6166, 0.6772, 0.5818, 0.2726, 1.0428, 0.3049, 0.2149, 0.8348,
        0.1870, 0.4538, 0.4548, 0.3670, 0.5717])), ('features.1.num_batches_tracked', tensor(167)), ('features.4.weight', tensor([[[[ 3.9319e-02,  5.4357e-02,  2.6213e-02],
          [-7.7924e-02, -8.8582e-03, -2.2018e-02],
          [ 9.0847e-03,  7.2326e-02, -8.6727e-02]],

         [[-1.0261e-01, -7.2347e-02,  5.5832e-02],
          [-2.1260e-02, -5.7719e-02,  9.4345e-02],
          [ 9.9688e-02, -6.6061e-02, -1.4427e-02]],

         [[-3.9581e-02, -8.8564e-02, -3.4643e-02],
          [ 9.7834e-03,  1.1028e-01,  3.2065e-02],
          [-1.4578e-01, -4.2575e-02, -5.4859e-02]],

         ...,

         [[-1.0711e-03, -7.2857e-02,  2.1492e-02],
          [-4.3500e-02, -2.1894e-02,  3.9808e-02],
          [ 2.3958e-02,  5.5539e-02, -3.6716e-03]],

         [[ 2.1520e-02, -3.8360e-02, -1.1082e-02],
          [-4.0392e-02, -1.5090e-02, -5.5717e-02],
          [-7.4376e-03,  2.6014e-02,  8.6478e-02]],

         [[ 8.8849e-02,  5.0204e-02, -2.7096e-02],
          [ 6.1017e-02,  1.1415e-01,  3.6109e-03],
          [ 1.0820e-02,  4.5121e-02, -6.5458e-02]]],


        [[[ 6.7015e-03,  7.4842e-02, -6.3435e-02],
          [ 3.0749e-02, -2.3823e-02,  1.4691e-02],
          [-1.1561e-02, -5.9454e-03, -4.0886e-02]],

         [[ 9.4036e-02,  5.0562e-02,  4.4460e-02],
          [ 4.6513e-02,  2.7192e-02,  6.6629e-02],
          [ 6.2676e-03,  1.1064e-02,  1.1306e-01]],

         [[-4.1301e-02,  5.9975e-02,  1.2095e-02],
          [-2.6516e-02, -3.8306e-02, -4.8042e-02],
          [-6.3341e-02,  9.2518e-02,  5.3742e-03]],

         ...,

         [[-1.4258e-05, -1.2632e-01,  5.6779e-02],
          [-6.5666e-02, -1.1832e-03, -5.4009e-02],
          [ 1.5391e-02,  1.2065e-01,  9.1897e-02]],

         [[-9.2424e-02,  6.2806e-02, -2.6628e-02],
          [ 1.1597e-01, -3.2909e-02, -2.7810e-02],
          [ 2.6974e-02, -9.1148e-02, -2.4066e-02]],

         [[ 3.2976e-02, -2.0421e-02,  3.2557e-02],
          [ 4.6970e-02,  1.4540e-02,  8.9706e-02],
          [ 1.7160e-03,  1.5294e-03,  4.2920e-02]]],


        [[[ 4.8551e-02,  1.2117e-02, -3.8916e-02],
          [ 9.5057e-03, -4.0127e-02, -1.2062e-01],
          [-1.0498e-01, -3.0578e-02, -3.7138e-02]],

         [[ 9.6876e-02,  7.0502e-02, -6.1590e-02],
          [ 4.5388e-02, -9.7073e-03, -5.5615e-02],
          [-6.8541e-03, -1.3539e-01, -9.3860e-02]],

         [[ 8.7178e-02, -8.6573e-03, -2.3749e-02],
          [ 7.9400e-03,  3.8145e-02, -1.0845e-02],
          [ 3.0030e-03, -1.7459e-02, -7.4497e-02]],

         ...,

         [[-3.1016e-02, -3.2568e-02,  4.8190e-02],
          [ 3.5363e-02, -2.1015e-02,  7.0567e-02],
          [ 7.2235e-04,  1.9310e-02,  1.7183e-02]],

         [[ 7.2894e-02,  1.9267e-02,  8.9346e-03],
          [-5.7518e-02,  4.8813e-02,  6.0718e-02],
          [-4.7446e-02, -6.9703e-02,  4.2915e-02]],

         [[ 8.4462e-03, -1.6646e-02,  8.1052e-02],
          [ 6.6649e-02, -7.3167e-02, -6.5055e-03],
          [-1.1643e-02, -1.1453e-01, -4.7286e-02]]],


        ...,


        [[[-8.0723e-02, -1.9128e-01,  1.4000e-02],
          [-9.3599e-03, -1.3279e-02, -4.5544e-02],
          [-3.9079e-02,  4.5879e-02,  2.2639e-02]],

         [[ 4.7080e-02, -1.1923e-02, -5.0836e-02],
          [-3.6839e-02, -1.1592e-02, -3.5462e-02],
          [ 1.7608e-01,  5.6976e-02, -6.1910e-02]],

         [[ 1.8420e-02, -2.9285e-02, -7.1031e-02],
          [ 5.8636e-02,  1.9668e-02,  6.2245e-02],
          [-1.4817e-02,  8.5088e-02,  3.6563e-02]],

         ...,

         [[ 3.3973e-02, -1.4621e-02, -3.1750e-02],
          [ 2.7609e-02,  7.6318e-02, -7.1831e-02],
          [ 7.1734e-02, -1.1697e-01, -6.7973e-02]],

         [[ 3.2102e-02, -3.3751e-02, -1.3472e-01],
          [-9.4898e-02,  7.4801e-02,  8.5803e-02],
          [ 1.2797e-01,  8.2002e-03,  7.9528e-02]],

         [[-6.2873e-02,  5.4277e-02, -3.2166e-02],
          [ 5.1927e-02,  7.3052e-03,  8.5618e-02],
          [ 6.7286e-02,  2.4749e-02,  2.2706e-03]]],


        [[[-5.8389e-02,  2.8761e-02,  1.0526e-02],
          [ 3.1603e-02,  5.4408e-04,  3.1991e-02],
          [ 3.0628e-02, -1.2246e-02, -9.2728e-02]],

         [[-1.0194e-01, -7.7927e-02, -7.9461e-02],
          [ 9.7627e-02,  1.2822e-02, -4.9083e-02],
          [ 3.9324e-02, -6.8353e-02, -9.2281e-02]],

         [[ 2.2260e-02, -8.3663e-04, -1.4459e-02],
          [-4.0940e-02,  5.1578e-02,  6.9544e-03],
          [ 5.5349e-02, -1.0841e-01, -8.1285e-02]],

         ...,

         [[-9.7006e-03, -5.5829e-02, -1.0371e-01],
          [-6.6397e-02, -1.9988e-02,  1.1782e-02],
          [ 4.5974e-02, -3.5045e-02, -8.5876e-02]],

         [[ 4.5243e-02,  1.0132e-01,  1.8538e-02],
          [-6.5463e-02,  1.6467e-01, -7.4990e-02],
          [-9.4450e-02,  2.5173e-02, -4.2630e-03]],

         [[ 9.1192e-03, -1.4588e-02, -9.6420e-02],
          [-3.1486e-02,  3.8670e-02,  1.3636e-01],
          [ 5.3424e-03,  1.3991e-02, -1.5575e-01]]],


        [[[-6.0775e-02,  8.9895e-02,  6.5466e-02],
          [ 7.3354e-03,  5.7618e-02, -9.1095e-02],
          [-2.9609e-03, -1.1881e-02,  1.3752e-02]],

         [[ 9.8849e-03,  2.3361e-02, -2.6442e-02],
          [-2.2966e-01,  1.8088e-02, -5.2753e-02],
          [ 2.2826e-02,  9.2919e-02,  6.0095e-02]],

         [[ 4.6610e-02, -3.1295e-02,  1.4647e-02],
          [-8.7561e-02, -5.1168e-02,  2.8424e-02],
          [-3.7741e-02,  5.2374e-02, -3.5812e-03]],

         ...,

         [[ 6.1199e-02, -9.0929e-02,  4.0757e-02],
          [-1.5160e-02, -1.0032e-02,  3.6767e-02],
          [-6.2640e-02,  2.7108e-02,  3.4928e-03]],

         [[-2.5543e-02, -4.6842e-02, -6.1883e-02],
          [ 1.1083e-01, -1.1662e-02, -1.1984e-02],
          [ 9.0378e-02, -1.8570e-02, -5.4003e-02]],

         [[-3.1445e-02,  1.0046e-01,  3.4700e-03],
          [-4.5284e-02, -9.2360e-02,  7.8193e-03],
          [-1.1059e-02,  3.7122e-02,  9.6441e-03]]]])), ('features.4.bias', tensor([-8.4940e-10,  1.2028e-09,  2.0750e-09, -2.2788e-09,  4.5900e-10,
        -2.2612e-09, -4.7766e-09,  4.1737e-09, -5.1185e-09,  4.0813e-09,
        -2.4264e-09,  2.9380e-10,  4.6362e-10,  3.0662e-09,  3.0366e-10,
        -1.2266e-09,  2.7171e-09, -2.1908e-09, -3.3951e-10,  5.6593e-09,
        -5.3334e-09,  2.8089e-09, -7.4765e-10, -1.6884e-09, -1.3125e-09,
        -3.9807e-09,  1.5729e-09, -3.7686e-09, -3.9350e-10, -3.6711e-09,
         3.5346e-09, -4.5664e-09, -7.8400e-09,  2.3535e-09,  3.5552e-09,
         6.8709e-09, -1.9979e-09,  1.2963e-09, -2.1727e-09, -1.9638e-09,
        -1.5593e-09,  5.6314e-10,  4.9437e-09, -3.6392e-09,  1.5839e-09,
        -1.0413e-09, -5.6702e-09,  4.4389e-09,  2.1817e-09, -2.5327e-09,
         4.7738e-09, -5.9451e-09, -2.2525e-09, -1.6803e-09, -2.5861e-09,
        -3.7046e-10,  6.0151e-09,  1.1043e-09,  6.3284e-09,  3.0069e-09,
         1.0019e-08, -2.2858e-09, -3.6583e-09, -7.5645e-10])), ('features.5.weight', tensor([0.9871, 0.9905, 0.9912, 0.9974, 0.9969, 1.0053, 1.0071, 1.0025, 0.9971,
        1.0066, 1.0056, 0.9978, 0.9934, 0.9997, 0.9959, 0.9962, 1.0002, 0.9942,
        1.0095, 1.0103, 0.9952, 0.9914, 0.9992, 1.0043, 0.9945, 1.0030, 0.9925,
        0.9885, 0.9926, 0.9931, 0.9865, 0.9938, 1.0056, 1.0001, 1.0077, 0.9971,
        1.0090, 0.9934, 1.0029, 1.0027, 0.9954, 1.0038, 0.9919, 1.0107, 1.0003,
        1.0062, 1.0035, 0.9979, 0.9922, 1.0037, 1.0082, 0.9979, 0.9949, 1.0043,
        1.0116, 1.0151, 0.9962, 1.0114, 0.9980, 1.0106, 1.0130, 0.9937, 1.0007,
        1.0012])), ('features.5.bias', tensor([-6.1074e-03, -3.8100e-03, -2.6467e-03, -3.3224e-04, -2.5295e-03,
         6.0010e-03,  3.9652e-04,  4.2361e-03, -4.1361e-03, -1.7230e-04,
         8.5436e-03, -1.4676e-02, -2.4002e-03, -5.2426e-03,  1.7413e-03,
         2.2233e-03, -4.3782e-03,  1.2811e-03,  5.7174e-03,  8.5096e-03,
        -3.0412e-04, -7.0690e-03, -6.3057e-04, -2.9475e-04, -1.0146e-03,
        -4.8029e-03, -3.9618e-03, -5.5657e-03, -4.8086e-03, -8.5631e-03,
        -2.0369e-03, -1.3316e-03,  1.2061e-02, -1.8756e-04, -3.9874e-04,
        -3.7383e-04, -3.0667e-03, -8.3669e-03, -1.0726e-03,  1.0691e-03,
        -7.7457e-04, -7.7711e-03,  6.2127e-03,  4.3535e-03,  6.7809e-03,
         3.6171e-03,  2.5357e-03, -1.0736e-03,  1.0628e-02,  6.5500e-04,
         9.0368e-03,  3.5567e-03,  2.6418e-05, -3.8013e-03,  3.0304e-03,
         6.7824e-03, -3.6127e-03,  8.0752e-03,  1.8566e-03,  1.1284e-02,
         6.3378e-03, -4.7115e-03,  7.9583e-03,  6.3392e-03])), ('features.5.running_mean', tensor([ 0.5816, -0.3697,  0.7320, -1.0707,  0.9363,  0.0191, -0.0911, -0.2113,
         0.1627, -1.2391, -0.1211,  0.4086,  0.4538,  0.3596, -0.4285, -1.0990,
         0.0144, -0.8913, -0.4794,  0.2350,  0.0247,  0.6090,  0.2463,  1.0391,
         0.0737, -0.1882, -0.6047,  0.5010, -1.0750, -0.4794,  0.9622,  0.0172,
         0.6058, -0.7956, -0.5265, -0.5739, -0.0206,  0.7547, -0.6560, -0.4606,
        -0.2000,  0.4085,  0.5936, -0.9680, -0.3311, -1.3368, -0.5373,  0.3264,
         0.9999,  0.9972,  0.4167,  0.3027,  0.1775, -0.0546, -0.7968, -0.8998,
         0.2672, -0.0472, -0.4407, -0.0417, -0.8059,  0.1621, -0.0028,  0.2480])), ('features.5.running_var', tensor([0.9001, 0.4408, 0.5845, 0.4613, 0.5708, 0.3371, 0.7412, 0.8365, 0.8731,
        0.5194, 0.4183, 0.5452, 0.9005, 1.1066, 0.7714, 0.8509, 1.0000, 0.3648,
        0.3209, 0.8574, 0.4163, 0.5334, 0.4291, 0.6769, 0.3530, 0.5785, 0.5478,
        0.5535, 0.5457, 0.4475, 0.5589, 0.4262, 0.5317, 0.5056, 0.3770, 0.3519,
        0.7293, 0.5519, 0.2810, 0.4813, 0.4021, 0.3195, 0.4219, 0.5024, 0.4503,
        0.5348, 0.5410, 0.9859, 0.8761, 0.6872, 0.5263, 0.2492, 0.4081, 0.4899,
        0.5847, 0.3571, 0.4332, 0.5894, 0.5820, 0.7316, 0.5974, 0.4329, 0.5936,
        0.2930])), ('features.5.num_batches_tracked', tensor(167)), ('features.8.weight', tensor([[[[-0.1118,  0.0137, -0.0041],
          [-0.0582,  0.0258,  0.0253],
          [ 0.0005,  0.0415, -0.0307]],

         [[ 0.0457, -0.0415, -0.0526],
          [ 0.0428, -0.1424,  0.0711],
          [ 0.1196, -0.0249,  0.0723]],

         [[ 0.0744, -0.0467, -0.1600],
          [-0.0080,  0.0392,  0.0240],
          [-0.0364,  0.0378, -0.0100]],

         ...,

         [[ 0.0252, -0.1045,  0.0878],
          [-0.0072, -0.0246, -0.0421],
          [-0.0431, -0.1859, -0.0345]],

         [[ 0.0220, -0.0125,  0.0576],
          [ 0.0342, -0.0514,  0.0208],
          [-0.0044,  0.0148, -0.0433]],

         [[ 0.0501,  0.0353, -0.0271],
          [-0.0376, -0.0262,  0.1018],
          [ 0.0644,  0.0006,  0.0173]]],


        [[[ 0.0694, -0.0047, -0.0265],
          [ 0.0705, -0.0625,  0.0520],
          [-0.0927, -0.0754,  0.0371]],

         [[-0.0738,  0.0215, -0.0712],
          [-0.0133, -0.0204, -0.0692],
          [ 0.0013, -0.0702,  0.0575]],

         [[-0.0344,  0.0071, -0.0081],
          [ 0.0397, -0.0039,  0.0155],
          [-0.0533,  0.0616, -0.0458]],

         ...,

         [[ 0.0633, -0.1298,  0.0213],
          [-0.0163, -0.0048, -0.0424],
          [ 0.0820, -0.0846, -0.1444]],

         [[-0.0032,  0.0195,  0.0294],
          [ 0.0242,  0.0187, -0.0124],
          [ 0.0871, -0.0528,  0.0251]],

         [[-0.0259, -0.0374, -0.0466],
          [-0.0367, -0.0062,  0.0173],
          [-0.1140,  0.0172, -0.0140]]],


        [[[ 0.0835,  0.0414,  0.0303],
          [-0.1402,  0.0073, -0.0344],
          [ 0.0663, -0.0369,  0.0798]],

         [[-0.0096,  0.0109,  0.0471],
          [-0.0620,  0.0030,  0.0058],
          [-0.0783,  0.0085,  0.0223]],

         [[-0.0117,  0.0298,  0.0160],
          [ 0.0655,  0.1063, -0.0315],
          [ 0.0029,  0.0829,  0.0653]],

         ...,

         [[-0.0562, -0.0035,  0.0134],
          [ 0.0598,  0.0678,  0.0517],
          [ 0.0379, -0.0296, -0.0946]],

         [[-0.1777,  0.0382,  0.0790],
          [ 0.0019, -0.0509, -0.0416],
          [ 0.0216,  0.0346, -0.0759]],

         [[ 0.0646, -0.0134,  0.0667],
          [-0.0164,  0.0448, -0.0183],
          [-0.0074,  0.0721, -0.1010]]],


        ...,


        [[[-0.0222, -0.0401, -0.0408],
          [ 0.0584, -0.0652, -0.1068],
          [-0.0326, -0.0799, -0.0835]],

         [[ 0.0301, -0.0176,  0.0625],
          [-0.0378,  0.0152,  0.0673],
          [ 0.0298,  0.0453, -0.1056]],

         [[ 0.0074, -0.0220,  0.0767],
          [ 0.0040,  0.0006,  0.0484],
          [-0.0375, -0.0707,  0.0157]],

         ...,

         [[-0.0613, -0.0061, -0.0816],
          [-0.0266, -0.0716,  0.0124],
          [-0.1148,  0.0484, -0.0158]],

         [[ 0.0642,  0.0778,  0.0282],
          [ 0.0207, -0.0610, -0.0102],
          [ 0.1016, -0.0196,  0.0691]],

         [[-0.0707,  0.0317, -0.0317],
          [ 0.0152,  0.0304,  0.0541],
          [-0.0756, -0.0835, -0.0849]]],


        [[[ 0.0026,  0.0850, -0.0412],
          [ 0.0315,  0.0396,  0.0013],
          [ 0.0078, -0.0191, -0.0582]],

         [[-0.1180, -0.0514,  0.0474],
          [ 0.0075,  0.0896,  0.0271],
          [ 0.0498, -0.0232,  0.0616]],

         [[-0.0720,  0.0190, -0.0593],
          [-0.0316, -0.0056,  0.0411],
          [ 0.0812,  0.0113,  0.0242]],

         ...,

         [[-0.0362,  0.0029, -0.0219],
          [ 0.0111, -0.0300, -0.0049],
          [-0.0011,  0.0690,  0.0440]],

         [[ 0.0133, -0.0211, -0.0565],
          [ 0.0211, -0.0345,  0.0409],
          [ 0.0073,  0.0737,  0.0122]],

         [[-0.0479, -0.0136,  0.0151],
          [-0.0636,  0.0212, -0.0707],
          [ 0.0228, -0.0246, -0.0355]]],


        [[[ 0.0566,  0.0532, -0.0063],
          [-0.0326,  0.0033,  0.0096],
          [ 0.0469, -0.1576, -0.0424]],

         [[ 0.0802,  0.0182, -0.0344],
          [-0.0097, -0.0801,  0.0837],
          [ 0.0028, -0.0056,  0.0559]],

         [[-0.0602, -0.0178,  0.0181],
          [-0.0548,  0.0771, -0.0961],
          [-0.0060,  0.0627,  0.0179]],

         ...,

         [[ 0.0802, -0.0906,  0.0418],
          [ 0.0602, -0.0377,  0.0669],
          [ 0.0709,  0.0358, -0.0724]],

         [[ 0.0109, -0.0505, -0.0812],
          [-0.0948, -0.0309, -0.0135],
          [-0.0704, -0.0901, -0.0637]],

         [[-0.0294,  0.1028, -0.0641],
          [-0.0111,  0.0319, -0.0148],
          [-0.0223,  0.0774, -0.0202]]]])), ('features.8.bias', tensor([ 3.4306e-09, -2.2850e-09, -5.9134e-10,  4.4334e-10, -6.8082e-10,
         2.6356e-09,  4.9232e-10,  1.4038e-09, -2.1794e-09,  2.2750e-09,
        -1.6196e-10,  1.2873e-10, -2.6640e-09, -2.7663e-09,  2.3388e-09,
         2.4304e-09,  2.5147e-09,  1.7182e-09, -1.5600e-09, -1.1949e-09,
         2.1772e-09, -6.3276e-10,  2.2189e-10, -5.9754e-10,  1.6691e-10,
        -4.1517e-10,  9.9474e-10, -4.7401e-10,  1.3161e-09, -2.7780e-10,
         8.5807e-10,  1.4782e-09,  3.8262e-10,  1.5831e-09,  2.6959e-10,
         1.4993e-09,  1.0848e-09,  4.9277e-10, -3.4017e-10, -9.2816e-11,
         3.9691e-10, -1.1930e-10,  1.1400e-09, -2.8672e-09, -9.2410e-12,
         1.6200e-09,  5.1571e-10, -1.6004e-10,  3.3048e-10, -1.1805e-09,
        -1.0753e-09,  1.0496e-09, -4.2162e-10,  8.9655e-10,  5.4098e-10,
         2.1368e-09,  1.1763e-09, -1.4898e-09, -1.3441e-09, -9.8810e-10,
        -9.4491e-10,  4.7540e-10,  1.8055e-09, -6.8809e-10])), ('features.9.weight', tensor([1.0068, 0.9952, 1.0035, 1.0119, 1.0103, 1.0080, 1.0024, 0.9963, 1.0165,
        0.9996, 1.0089, 1.0003, 1.0004, 1.0088, 1.0095, 1.0073, 1.0047, 1.0107,
        1.0041, 1.0190, 1.0210, 1.0189, 1.0024, 1.0163, 0.9944, 1.0010, 1.0168,
        1.0012, 1.0044, 1.0105, 1.0051, 1.0091, 1.0110, 1.0033, 1.0024, 0.9989,
        1.0021, 1.0054, 1.0236, 1.0054, 1.0061, 1.0039, 1.0088, 0.9990, 1.0076,
        1.0048, 1.0080, 0.9937, 1.0013, 0.9983, 1.0056, 0.9997, 1.0044, 1.0064,
        1.0214, 1.0063, 0.9964, 0.9991, 1.0022, 1.0114, 1.0066, 1.0058, 1.0038,
        1.0032])), ('features.9.bias', tensor([ 0.0055, -0.0054, -0.0001,  0.0020,  0.0046, -0.0021, -0.0024, -0.0051,
         0.0096, -0.0043,  0.0056, -0.0090,  0.0021,  0.0068,  0.0032,  0.0050,
         0.0018, -0.0003,  0.0005,  0.0092,  0.0102,  0.0042, -0.0017,  0.0032,
        -0.0055, -0.0022,  0.0036, -0.0012,  0.0007,  0.0045,  0.0031,  0.0017,
         0.0123, -0.0032, -0.0047, -0.0014, -0.0036, -0.0036,  0.0119, -0.0038,
         0.0016, -0.0043,  0.0048, -0.0006, -0.0010, -0.0021,  0.0068, -0.0057,
        -0.0007,  0.0005, -0.0023, -0.0002,  0.0070,  0.0001,  0.0093,  0.0033,
        -0.0062, -0.0061, -0.0055, -0.0024, -0.0031,  0.0062,  0.0005, -0.0036])), ('features.9.running_mean', tensor([-0.6663,  0.1118,  1.2450, -1.9831, -0.1702, -0.4182,  0.2725, -0.7958,
         0.8441, -1.9584,  0.5607, -0.2010, -0.4253,  1.0800,  0.3848, -0.6519,
        -0.6616, -1.4170, -1.6915, -0.7968, -0.6309, -1.0826, -0.2736,  0.3710,
         1.6350, -0.9958, -1.1222,  0.5794, -0.6349, -1.4650,  1.0567,  0.1103,
         0.5763, -0.4268, -0.4171,  0.9994, -0.2266, -0.3442, -0.4373, -0.5479,
         0.1034, -0.3259,  1.5179,  0.1745,  0.3860, -0.2474, -0.1866,  1.3035,
        -0.5258,  0.4097,  1.3898, -1.9699,  0.2153, -1.6239,  0.2183,  0.7515,
         0.5452, -0.8426,  0.8892, -0.9187, -0.5301, -1.3357,  1.2135, -0.6902])), ('features.9.running_var', tensor([1.1753, 0.8037, 0.7916, 1.5651, 1.2384, 0.9190, 1.1829, 1.0111, 1.1274,
        0.6315, 0.8496, 1.1118, 0.7088, 1.1141, 0.8092, 1.2202, 1.3848, 1.1210,
        1.1485, 1.0342, 1.4711, 1.9128, 1.1096, 0.6835, 1.2653, 0.9079, 1.4768,
        1.0660, 1.2546, 1.1882, 0.9725, 1.3438, 1.1633, 0.8397, 0.9800, 0.7792,
        0.7571, 1.0231, 1.3713, 1.2960, 0.8283, 1.0469, 0.8016, 0.7797, 1.1770,
        0.6882, 1.1126, 1.3611, 1.0650, 1.3244, 1.1036, 1.1756, 0.7923, 1.2812,
        1.0272, 0.8349, 1.1372, 0.6247, 0.8386, 0.9841, 1.5876, 1.0841, 0.7396,
        1.2681])), ('features.9.num_batches_tracked', tensor(167)), ('denses.0.weight', tensor([[ 1.9396e-02,  9.7765e-03,  5.3648e-03,  ..., -1.1867e-02,
         -8.9887e-03,  1.2878e-02],
        [ 3.9173e-03, -7.7867e-03,  5.3002e-05,  ..., -4.2580e-03,
          1.0374e-02,  1.8865e-03],
        [ 3.1540e-03, -1.6082e-03,  5.9655e-03,  ..., -1.6773e-03,
         -1.2212e-02,  5.0733e-03],
        ...,
        [ 9.0204e-03,  8.8531e-03, -5.2446e-03,  ..., -2.4391e-03,
          2.4703e-02, -3.3870e-03],
        [-7.4211e-03,  2.4884e-03, -1.0944e-03,  ...,  3.9372e-03,
          8.5876e-03, -6.4260e-03],
        [ 2.0436e-05,  2.0622e-02,  1.4726e-03,  ..., -5.3533e-03,
         -7.5197e-03,  6.2878e-03]])), ('denses.0.bias', tensor([ 6.6580e-04,  6.5747e-05,  6.6374e-04, -3.4239e-04, -3.5668e-04,
         1.4321e-04,  1.1332e-04,  1.0850e-03,  5.1655e-04,  2.0981e-04,
         4.2011e-04, -1.2690e-03, -3.9763e-04, -3.4568e-04, -8.6388e-04,
         4.2153e-05, -1.7974e-03, -6.0053e-04, -4.3723e-04, -2.3415e-04,
         5.6938e-05, -5.1011e-04, -9.1340e-04,  9.8095e-04,  6.1306e-04,
         4.1305e-04,  2.0681e-03,  6.7730e-04,  7.1170e-04, -3.1818e-04,
         1.9267e-03,  3.5663e-04,  9.6449e-04,  1.0700e-03, -1.8903e-04,
        -3.4232e-04, -1.2644e-03, -1.5491e-03,  4.9625e-04, -8.7514e-04,
         3.5227e-04,  1.3318e-04, -5.7883e-04, -9.1778e-04,  4.9231e-04,
        -1.0336e-03, -5.4232e-04,  2.0971e-04,  6.7696e-04,  1.2342e-04,
         8.2399e-04, -4.1478e-04,  1.9990e-04,  8.0816e-04, -1.5503e-03,
         2.4416e-03,  7.6684e-04,  4.8161e-04,  2.8426e-04,  8.2694e-04,
        -6.1242e-05,  3.3436e-04, -1.5447e-04,  4.9230e-04, -1.2218e-04,
         7.4144e-04,  3.5581e-04,  3.9459e-04, -8.7763e-04, -2.0976e-04,
         2.6865e-04, -7.5391e-04, -1.5825e-03, -1.5868e-04,  5.1887e-04,
        -3.8131e-04,  5.4115e-04,  7.9323e-04, -1.1610e-04, -2.8687e-04,
         1.9113e-03, -2.6180e-04, -1.0869e-03, -5.9250e-04, -2.5242e-04,
         1.4356e-04,  4.2228e-04,  6.6435e-04, -1.1111e-03,  1.8520e-03,
        -1.9936e-03, -2.4458e-06,  1.1273e-03,  3.8550e-04,  8.9783e-04,
         2.4037e-04,  4.2440e-04, -6.9649e-04, -2.6667e-04, -5.2426e-04,
         4.2463e-04, -2.7706e-04,  3.6881e-06,  6.4412e-04,  5.6521e-04,
         1.2163e-03, -4.9093e-04, -1.8766e-03,  4.8614e-04, -1.5821e-03,
        -1.0888e-03,  2.3911e-05, -8.4039e-05, -1.3922e-04, -6.4309e-04,
        -9.4693e-04,  4.7824e-05, -1.3671e-04, -4.6013e-04, -6.7881e-05,
         2.0248e-04,  4.4109e-04, -8.6601e-04,  3.9059e-04, -9.9606e-04,
         9.4845e-04,  2.5182e-04, -9.5666e-05])), ('denses.1.weight', tensor([[ 0.0043,  0.0166, -0.0229,  ..., -0.0587, -0.0029,  0.0504],
        [-0.1077, -0.0510, -0.0767,  ..., -0.0018, -0.0262, -0.0335],
        [-0.0013,  0.0041,  0.0300,  ..., -0.0316, -0.0033,  0.0494],
        ...,
        [ 0.0631,  0.0562,  0.0643,  ..., -0.0210,  0.0196, -0.0144],
        [-0.0159, -0.0804, -0.0518,  ..., -0.0383, -0.0175, -0.0296],
        [-0.0302, -0.0042, -0.0209,  ...,  0.0440,  0.0391, -0.1080]])), ('denses.1.bias', tensor([-0.0319, -0.0102,  0.0273,  0.0198,  0.0122,  0.0051, -0.0101,  0.0153,
        -0.0245, -0.0032]))]), 16666.666666666668)