(OrderedDict([('features.0.weight', tensor([[[[ 4.7506e-02, -6.8750e-02,  3.9834e-02],
          [ 3.3931e-02, -2.7470e-03, -5.1220e-02],
          [-8.3875e-02, -2.9776e-02, -2.3702e-02]],

         [[-8.6295e-03, -1.4239e-01,  6.1662e-02],
          [-9.5285e-02,  2.6106e-02, -1.3422e-01],
          [-5.7102e-02, -5.2758e-02, -1.0946e-01]],

         [[ 3.2052e-02, -1.7035e-01,  1.0742e-01],
          [ 9.1958e-03, -7.7394e-02,  7.9399e-02],
          [-2.6725e-02, -1.9467e-01, -1.9677e-02]]],


        [[[-1.3839e-01, -2.7971e-02, -1.7867e-02],
          [-9.8496e-02, -4.5272e-02,  1.0327e-01],
          [ 7.0196e-04,  6.7896e-02,  1.5008e-01]],

         [[ 1.2353e-01, -5.9308e-03,  4.3054e-02],
          [-8.5407e-03,  8.8968e-02, -7.5788e-03],
          [ 7.7154e-02, -7.5249e-02, -2.9080e-02]],

         [[-4.7747e-02,  4.7512e-02,  6.1686e-02],
          [ 1.6905e-01,  1.3380e-02,  3.6247e-02],
          [-2.3923e-02,  1.8081e-02, -1.1577e-01]]],


        [[[-4.4425e-02, -2.3491e-01, -2.8459e-02],
          [ 1.1593e-01, -6.3052e-02,  2.7375e-02],
          [-3.6376e-02,  1.5643e-01,  8.5206e-02]],

         [[-1.0366e-01, -8.8855e-02, -1.8165e-01],
          [-1.7511e-02, -7.6254e-02, -1.3469e-01],
          [ 2.3511e-01,  1.4714e-01,  4.0612e-02]],

         [[-3.9476e-02,  5.1557e-02, -1.1668e-01],
          [-5.9146e-02, -8.8687e-02,  4.6062e-02],
          [ 2.9993e-02, -6.6079e-02,  6.3173e-02]]],


        [[[-1.5045e-01,  4.7126e-02, -1.3039e-01],
          [ 2.1866e-02,  1.1656e-01, -2.3255e-02],
          [ 8.6092e-02, -1.2973e-01,  2.9331e-02]],

         [[-3.8777e-02, -1.0427e-02, -1.1989e-02],
          [-2.0197e-02,  1.2283e-01,  1.0895e-01],
          [ 1.4977e-02,  7.0503e-02,  1.1613e-02]],

         [[ 1.3739e-01,  9.3296e-02, -8.8763e-03],
          [ 1.0382e-01,  4.7788e-02,  7.1936e-02],
          [-5.5813e-02,  3.2265e-02,  1.1417e-01]]],


        [[[ 2.6839e-01, -5.4413e-02, -1.2694e-02],
          [-6.6718e-02, -1.1299e-01,  1.0677e-01],
          [-8.5230e-03, -4.8993e-03, -1.8798e-01]],

         [[ 5.6082e-02, -1.3775e-01,  8.1128e-02],
          [-8.4111e-02, -1.3666e-01,  1.4263e-02],
          [ 1.4680e-02,  1.3878e-01,  1.7945e-02]],

         [[-1.0615e-01, -1.6847e-01,  9.8358e-02],
          [-3.0369e-03,  2.7734e-02,  1.3751e-01],
          [-1.1000e-01,  2.3101e-01, -7.4005e-02]]],


        [[[-1.8264e-01, -5.1261e-02, -4.6426e-03],
          [-2.0349e-01,  1.5851e-02, -4.6720e-03],
          [ 7.7019e-03, -1.4337e-01,  2.6818e-02]],

         [[ 4.7920e-02, -1.5229e-01, -1.4016e-01],
          [ 1.3634e-01, -1.0302e-01,  8.4764e-03],
          [-6.7290e-02,  1.3795e-02, -4.7927e-02]],

         [[-1.0492e-02, -1.3144e-02, -4.4116e-03],
          [ 2.2691e-01,  1.2890e-01,  1.0208e-01],
          [ 1.0788e-01,  4.5042e-02,  7.0299e-02]]],


        [[[ 4.1576e-02,  7.4762e-02,  2.0945e-02],
          [ 5.9525e-02,  6.2064e-02,  9.5697e-03],
          [ 7.5866e-02, -2.0282e-02,  1.4064e-01]],

         [[-7.4964e-02,  1.0040e-03, -1.1950e-02],
          [-6.6479e-02, -1.2507e-01, -1.9563e-01],
          [-1.9867e-01, -1.1546e-01,  1.0057e-01]],

         [[ 1.0971e-01,  1.3029e-01,  5.7035e-02],
          [-1.4614e-02, -1.9283e-02, -3.2060e-02],
          [-7.2247e-02, -8.4793e-02, -1.0769e-02]]],


        [[[ 3.8446e-02, -4.4648e-02,  7.8488e-02],
          [-2.6297e-02,  1.3603e-01,  5.6997e-02],
          [ 9.6824e-02, -6.5097e-02, -1.4369e-01]],

         [[ 4.5398e-02, -1.5561e-01, -8.3721e-02],
          [-7.5120e-02, -1.1123e-01, -1.9772e-01],
          [ 1.4717e-01,  5.3531e-03, -7.0661e-02]],

         [[-1.3744e-01, -2.3686e-03,  1.3121e-01],
          [-2.0635e-02,  3.8171e-02, -6.9604e-02],
          [ 4.7278e-02, -2.6358e-03,  9.6025e-03]]],


        [[[-1.8536e-01,  1.8711e-02,  4.7143e-02],
          [-4.2227e-02, -6.8669e-02,  5.7765e-02],
          [ 6.3851e-02,  5.3110e-02, -6.1989e-02]],

         [[-1.6674e-02, -1.4465e-01,  9.7392e-02],
          [-7.2165e-02, -3.6471e-02, -6.5711e-02],
          [ 7.2148e-03,  1.4803e-01,  3.9792e-02]],

         [[-1.4373e-01, -2.7789e-02, -4.2302e-02],
          [-4.1316e-02,  1.1165e-02,  1.1210e-02],
          [-3.3291e-02, -1.0773e-02, -3.0358e-02]]],


        [[[ 1.3757e-01,  2.2642e-01,  6.0033e-02],
          [ 1.3151e-01, -1.4660e-04,  1.4678e-01],
          [-8.7143e-03,  8.4640e-02,  8.3037e-04]],

         [[-1.1942e-04, -8.8030e-02, -1.4017e-01],
          [-3.5052e-02,  2.2320e-02,  3.7571e-02],
          [-1.6400e-01, -1.5184e-01, -1.2393e-01]],

         [[-5.4004e-02, -8.8411e-02, -2.2731e-03],
          [-6.8815e-02, -8.4741e-02, -1.4829e-01],
          [ 1.4494e-01, -3.9912e-02,  1.2162e-02]]],


        [[[-1.2915e-01,  2.2293e-02,  4.3392e-02],
          [-2.0152e-02, -6.3447e-02,  8.0963e-02],
          [ 1.8407e-02, -9.9116e-02,  1.4688e-01]],

         [[ 1.0580e-01, -2.2475e-01, -1.6501e-01],
          [ 1.1336e-01, -7.6593e-03, -9.1686e-02],
          [-1.0832e-01,  1.2916e-01,  7.7911e-02]],

         [[-9.9371e-02, -1.7484e-01,  6.6384e-02],
          [-2.5742e-02,  4.0639e-02,  1.2001e-01],
          [-1.5836e-01, -7.0441e-02, -4.1693e-02]]],


        [[[-4.4200e-02,  7.6423e-02,  2.6341e-02],
          [ 2.9847e-02,  7.7921e-02,  8.9020e-02],
          [ 5.1465e-02, -2.3943e-02,  5.9669e-02]],

         [[-8.8259e-02,  2.7281e-03, -4.3987e-02],
          [ 5.2380e-02, -7.8095e-02, -2.3453e-02],
          [-1.8177e-02,  1.2789e-02, -1.0133e-01]],

         [[ 5.7481e-02,  4.9332e-02,  1.6618e-01],
          [ 1.1239e-01, -7.8687e-02,  1.5737e-02],
          [ 8.1445e-02,  2.2840e-01, -8.2581e-02]]],


        [[[ 1.4526e-02,  5.3089e-02, -3.8076e-02],
          [-1.3475e-01, -7.6390e-02, -1.6395e-02],
          [-8.5364e-02,  5.7525e-02, -2.4047e-02]],

         [[ 2.9823e-02,  6.2220e-02,  4.5065e-02],
          [-1.3808e-01, -1.5527e-01, -1.9441e-02],
          [-8.0412e-02, -3.3259e-02,  2.8255e-02]],

         [[ 4.0533e-02,  1.8966e-01, -6.9238e-02],
          [-1.3640e-01, -3.7938e-02, -1.4189e-01],
          [-7.4291e-02, -4.0465e-02, -1.4331e-01]]],


        [[[-1.5459e-02,  1.4048e-01,  1.0803e-01],
          [-5.1876e-02, -6.3087e-02,  4.2519e-02],
          [-4.4750e-02, -1.6641e-01, -3.8622e-02]],

         [[ 1.3004e-01,  1.2739e-01, -6.9242e-02],
          [ 1.4999e-01,  6.0253e-02, -4.8583e-02],
          [-1.9082e-01, -8.0517e-02, -1.8577e-02]],

         [[ 1.3518e-01, -9.0501e-03,  8.2193e-02],
          [-3.1340e-02,  1.6929e-02, -1.5550e-01],
          [-4.8755e-02, -4.9411e-02, -8.4039e-03]]],


        [[[ 1.4961e-02,  6.8092e-02,  2.0266e-01],
          [-6.9646e-02, -6.0197e-02,  1.6329e-01],
          [-8.6155e-02, -1.1915e-02, -1.5473e-01]],

         [[-1.0789e-01,  1.0550e-01,  2.4939e-02],
          [-9.1473e-02,  2.2482e-02, -2.9406e-02],
          [-1.2962e-01, -8.4847e-02, -2.0566e-02]],

         [[ 1.4928e-01,  7.9154e-02,  9.8637e-02],
          [ 5.1567e-03, -6.3706e-02,  4.9029e-03],
          [-1.1588e-02, -1.5207e-01,  5.4126e-02]]],


        [[[ 5.2178e-02,  3.9085e-02, -9.2915e-03],
          [-2.7469e-02, -4.8095e-02,  2.3225e-02],
          [-3.6082e-03, -1.1291e-02,  5.7362e-02]],

         [[ 8.8800e-02,  1.7927e-01, -8.5187e-02],
          [-1.8122e-03,  1.1460e-01,  3.1808e-02],
          [-5.6700e-02,  9.1106e-02,  1.6833e-01]],

         [[-5.2973e-02, -9.7540e-02, -4.8448e-02],
          [-2.6480e-02, -1.5628e-01, -7.9545e-02],
          [-7.1507e-02, -1.3444e-01, -4.7486e-02]]],


        [[[-1.3769e-01, -1.5889e-01,  1.1328e-01],
          [ 4.4999e-02, -1.0220e-02,  3.0179e-02],
          [ 1.2750e-01,  1.7616e-02, -1.1690e-02]],

         [[ 4.6535e-02, -1.2464e-01, -1.4180e-01],
          [ 2.4763e-02,  6.6144e-02,  3.1871e-02],
          [ 1.4722e-02,  1.7788e-01,  3.3224e-02]],

         [[-5.9749e-02, -9.0854e-02,  1.1087e-01],
          [-8.4302e-02,  2.2007e-02, -1.9333e-01],
          [-6.7758e-02,  1.1380e-01,  1.0498e-02]]],


        [[[-2.3486e-01, -7.0623e-02,  1.4312e-01],
          [ 7.5557e-03,  6.8481e-02, -6.7279e-02],
          [ 4.1923e-02,  5.3591e-02,  3.1219e-02]],

         [[-3.3392e-03,  2.0819e-02, -9.2385e-02],
          [-8.3056e-02, -1.1647e-01,  2.7741e-02],
          [-5.3819e-02, -1.5337e-01, -5.8825e-02]],

         [[-1.6324e-02,  2.0251e-01,  6.0137e-02],
          [-5.3545e-02, -5.8557e-02, -1.0542e-03],
          [-5.4994e-02, -1.9395e-03,  9.1104e-02]]],


        [[[-1.1456e-01, -2.4410e-02,  1.5869e-01],
          [ 1.2635e-03,  1.6663e-02,  4.7531e-02],
          [-9.4567e-03,  6.9460e-03, -2.9400e-02]],

         [[-2.6504e-01, -6.5944e-02,  1.2968e-01],
          [-4.9645e-02, -2.8208e-02,  9.1903e-02],
          [-1.3521e-01,  1.1591e-01,  1.1765e-02]],

         [[-9.4863e-02, -1.0229e-02,  2.4133e-01],
          [-1.5764e-01, -1.0972e-01,  1.4288e-01],
          [ 9.6974e-03,  6.8795e-02, -2.8108e-03]]],


        [[[ 7.5157e-02, -9.5977e-02,  9.3089e-02],
          [ 4.3777e-02, -1.4813e-01,  1.1233e-02],
          [ 7.4111e-02, -1.0974e-01, -2.0418e-03]],

         [[-3.6895e-03, -9.8731e-02,  9.9461e-02],
          [-7.6262e-03,  1.8423e-02,  6.9079e-02],
          [ 8.9752e-02, -1.8371e-01, -8.7866e-02]],

         [[ 8.1733e-02,  7.8607e-04,  1.0927e-01],
          [ 2.6145e-01,  7.8502e-02,  3.9687e-02],
          [ 9.8425e-02, -6.2491e-02, -3.5089e-02]]],


        [[[ 1.0339e-01, -9.9658e-02,  1.0761e-01],
          [ 1.7883e-01,  6.3236e-02, -1.3520e-01],
          [ 9.3023e-02, -6.6830e-02,  6.0593e-02]],

         [[ 4.1377e-02, -4.3764e-02,  1.2892e-01],
          [ 9.6215e-02,  1.3902e-01,  2.9046e-02],
          [-4.9195e-03, -1.8908e-01,  7.1349e-02]],

         [[-1.7535e-02,  5.3333e-02,  9.8327e-02],
          [ 1.4546e-01, -6.8975e-02, -1.7257e-02],
          [ 3.4716e-02, -6.2445e-02,  6.4874e-02]]],


        [[[-7.9677e-02,  3.9543e-02,  1.3805e-01],
          [ 5.0273e-02,  4.6225e-02,  1.0967e-01],
          [ 9.4427e-02,  2.8795e-03,  8.7723e-02]],

         [[ 8.6375e-02,  6.8720e-02,  2.6666e-02],
          [-4.5324e-02,  3.3321e-02, -1.5525e-04],
          [-1.3267e-01, -6.9333e-02, -4.8174e-02]],

         [[-7.6756e-03,  1.1708e-01,  3.6735e-02],
          [ 5.9488e-04, -8.1146e-02, -4.4493e-02],
          [ 1.2247e-01, -2.2019e-03,  8.2854e-02]]],


        [[[ 2.2235e-01, -3.3501e-02, -2.6688e-02],
          [ 5.9909e-02,  6.5868e-02,  6.7771e-02],
          [ 1.5682e-02,  2.5148e-02,  6.0115e-02]],

         [[ 1.0019e-02, -4.7161e-02, -5.2242e-02],
          [-2.9678e-02, -1.3913e-01, -9.8363e-02],
          [ 1.4375e-01, -3.4132e-02, -1.6945e-01]],

         [[ 5.3003e-02, -2.7185e-02, -8.1720e-02],
          [ 1.1137e-01,  3.7098e-02, -9.0277e-02],
          [ 5.1858e-02,  5.1962e-02,  1.4990e-02]]],


        [[[ 6.7347e-02,  1.3471e-01, -5.3311e-03],
          [ 2.7756e-02,  4.5310e-04,  5.2951e-02],
          [ 2.2426e-02,  1.0507e-01,  6.0862e-02]],

         [[-6.1417e-02,  1.3485e-01, -4.4163e-02],
          [ 3.9546e-03,  1.3183e-01,  3.5580e-02],
          [ 7.9893e-02,  2.8110e-03,  9.3745e-02]],

         [[-2.9448e-02,  6.0696e-05,  2.7000e-02],
          [ 1.3347e-01, -6.2737e-02, -2.4352e-02],
          [-4.6703e-02,  1.3789e-02, -5.5589e-03]]],


        [[[ 1.6455e-01,  5.0879e-02, -7.6810e-02],
          [-2.7114e-02, -3.0167e-02, -3.9765e-02],
          [ 6.5756e-02, -1.0599e-01, -4.2000e-03]],

         [[-2.1487e-02,  1.8053e-02,  5.4861e-02],
          [ 5.3988e-02, -4.7292e-02,  3.9631e-02],
          [-2.8694e-02,  1.2048e-01, -9.5597e-02]],

         [[ 9.6594e-03,  1.3337e-02,  1.0285e-01],
          [ 4.4678e-02,  1.0924e-01, -1.1423e-01],
          [ 9.3579e-02,  9.0113e-02,  1.0802e-01]]],


        [[[ 9.6529e-03, -5.6899e-02, -2.4951e-01],
          [-1.0121e-01,  6.3639e-02, -5.6962e-02],
          [ 3.0936e-02, -1.0878e-01, -3.2623e-02]],

         [[-4.0785e-02, -2.0761e-02,  1.7714e-02],
          [-1.4243e-01,  5.4492e-02,  9.7556e-03],
          [ 5.6568e-02, -2.2199e-02,  7.1181e-02]],

         [[-5.3345e-02, -6.4224e-02,  8.3700e-02],
          [ 1.6049e-02, -9.2644e-02, -2.2872e-02],
          [ 8.2239e-02,  1.0229e-01,  1.0227e-01]]],


        [[[-6.8841e-02,  6.4651e-02, -1.2108e-01],
          [-1.7436e-02, -1.1863e-01,  3.5260e-02],
          [-7.3197e-02, -9.4675e-02,  1.1886e-02]],

         [[-7.6028e-03, -8.2624e-03,  7.0562e-02],
          [-1.8297e-01, -1.3775e-01, -7.1305e-02],
          [ 2.9190e-02,  4.3507e-02, -1.0637e-01]],

         [[ 4.5275e-02, -5.2366e-02, -1.6292e-01],
          [-5.2226e-02, -9.9152e-02,  3.0519e-02],
          [ 1.1344e-02,  5.9286e-02,  1.2324e-01]]],


        [[[-3.4884e-02, -9.0094e-02, -8.1040e-02],
          [ 1.3097e-01, -4.7956e-02,  6.4185e-03],
          [-1.0075e-01,  7.9801e-02, -1.2417e-01]],

         [[ 5.9519e-02,  2.1157e-02,  3.8592e-02],
          [ 5.4653e-02,  1.2257e-01,  2.6631e-02],
          [ 5.8612e-02,  7.4091e-02, -2.4647e-01]],

         [[-2.6330e-02,  1.2045e-01, -1.9732e-01],
          [-1.2075e-02, -1.5778e-01,  5.2132e-03],
          [ 9.9192e-02, -3.9522e-02, -2.8175e-02]]],


        [[[-5.6830e-02, -8.8181e-03, -1.3038e-02],
          [ 4.8063e-02,  1.0980e-01, -9.1430e-02],
          [ 3.8777e-02,  4.9440e-02,  6.6295e-04]],

         [[-2.4981e-02, -1.1155e-02,  1.0209e-01],
          [ 1.3656e-03, -9.2961e-02,  1.0689e-01],
          [-1.5895e-01,  6.5516e-02, -1.5542e-02]],

         [[ 7.8138e-02,  7.2887e-02,  2.1972e-02],
          [ 1.9659e-01, -5.7243e-03, -2.9974e-02],
          [ 4.1192e-03,  1.2676e-02,  1.3418e-01]]],


        [[[ 2.2794e-03,  1.3686e-01, -3.1808e-02],
          [ 7.7651e-02,  6.6728e-02, -6.9722e-02],
          [-2.1616e-01,  7.9440e-03,  6.0194e-02]],

         [[ 8.6728e-02,  1.8970e-01, -5.6319e-02],
          [ 5.9776e-03, -1.5710e-02, -1.0554e-01],
          [-1.0427e-01, -4.6507e-02, -1.5486e-01]],

         [[ 7.9727e-02,  5.5856e-02, -2.7070e-02],
          [ 3.6667e-02, -1.0671e-01,  9.5024e-02],
          [-1.3854e-01,  5.7962e-02, -3.0489e-02]]],


        [[[-3.4588e-02,  3.1265e-02,  1.5871e-01],
          [-1.2242e-01, -5.3810e-03, -1.1452e-01],
          [ 8.8778e-02,  2.3479e-01,  5.0204e-02]],

         [[ 1.6446e-02, -7.4725e-03, -1.3746e-01],
          [-1.1064e-01, -6.0249e-02, -1.7048e-01],
          [ 1.0919e-01,  2.6374e-02,  6.5997e-02]],

         [[-6.3001e-02,  1.0861e-01, -8.4931e-02],
          [ 2.5600e-02, -7.0692e-02,  2.7723e-02],
          [ 1.3066e-02, -7.7348e-04,  1.3814e-01]]],


        [[[-1.4565e-02, -7.3000e-02,  1.4717e-01],
          [-1.4060e-01,  3.8152e-02, -1.4595e-01],
          [-6.4538e-02, -1.4148e-02, -4.6402e-02]],

         [[ 2.5724e-02,  6.6377e-02, -7.6846e-02],
          [-9.9916e-02, -1.5897e-01,  9.4305e-04],
          [ 4.1020e-02, -2.0041e-02, -1.0079e-01]],

         [[ 2.1231e-01,  1.2632e-01, -4.2451e-03],
          [-7.8726e-02,  1.1342e-01,  3.3623e-02],
          [ 1.5214e-02,  9.6524e-02, -3.7982e-03]]]])), ('features.0.bias', tensor([-5.3496e-09, -1.1522e-08,  1.0652e-09,  4.0158e-10, -8.7117e-09,
        -9.5347e-09, -2.1138e-08,  4.5589e-09, -1.6799e-08, -1.0852e-08,
        -6.2719e-09,  7.3510e-09, -1.2898e-09,  2.4363e-09, -7.4132e-09,
        -3.7682e-10,  8.5487e-09,  1.0542e-08,  5.1019e-08,  7.1917e-10,
         4.5169e-09, -2.1708e-09, -1.0883e-08,  3.3930e-09, -1.7525e-08,
         1.7729e-08,  2.2720e-09,  2.2433e-09,  7.5083e-09,  1.7591e-08,
         8.7667e-09, -4.2076e-09])), ('features.1.weight', tensor([0.9964, 1.0044, 0.9952, 1.0009, 1.0239, 1.0130, 0.9909, 0.9957, 0.9934,
        1.0066, 1.0044, 0.9982, 0.9944, 0.9981, 0.9986, 1.0320, 0.9982, 0.9955,
        1.0474, 0.9922, 0.9918, 0.9960, 0.9983, 1.0029, 0.9883, 0.9947, 0.9905,
        0.9762, 0.9744, 1.0012, 1.0107, 0.9943])), ('features.1.bias', tensor([-0.0083, -0.0145,  0.0167, -0.0012,  0.0265,  0.0175, -0.0002,  0.0045,
         0.0067, -0.0262,  0.0159, -0.0021, -0.0025, -0.0041,  0.0040,  0.0206,
         0.0292,  0.0004, -0.0176, -0.0016,  0.0051, -0.0094, -0.0270, -0.0028,
        -0.0086, -0.0154,  0.0103,  0.0041, -0.0297,  0.0007,  0.0104, -0.0053])), ('features.1.running_mean', tensor([ 0.2686, -0.1034,  0.0876, -0.1865,  0.0484,  0.0293,  0.0941,  0.1241,
         0.1101,  0.1069,  0.1341, -0.1666,  0.2666,  0.0228,  0.0265, -0.0231,
        -0.0038,  0.0943,  0.0286, -0.0814, -0.2111, -0.1606, -0.0124, -0.2416,
        -0.1386,  0.0999,  0.2465,  0.0684, -0.1397,  0.0484, -0.0255,  0.0739])), ('features.1.running_var', tensor([1.2574, 0.2073, 0.6515, 0.6670, 0.1126, 0.3277, 0.2817, 0.3221, 0.3829,
        0.4071, 0.4734, 0.5338, 1.4114, 0.3887, 0.4490, 0.1471, 0.2119, 0.2547,
        0.5317, 0.4293, 0.9349, 0.5344, 0.2517, 1.0131, 0.4051, 0.3354, 1.0797,
        0.2542, 0.3734, 0.3236, 0.2396, 0.2771])), ('features.1.num_batches_tracked', tensor(167)), ('features.4.weight', tensor([[[[ 3.7264e-02,  5.5445e-02,  2.7342e-02],
          [-7.9871e-02, -8.0902e-03, -2.2108e-02],
          [ 6.8982e-03,  7.2157e-02, -8.8711e-02]],

         [[-1.0391e-01, -7.4141e-02,  5.3926e-02],
          [-2.0951e-02, -5.9881e-02,  9.3199e-02],
          [ 1.0062e-01, -6.5737e-02, -1.5373e-02]],

         [[-4.1290e-02, -8.5910e-02, -3.3196e-02],
          [ 6.5783e-03,  1.1141e-01,  3.3545e-02],
          [-1.4828e-01, -4.4174e-02, -5.6021e-02]],

         ...,

         [[-2.9257e-03, -7.3029e-02,  2.3134e-02],
          [-4.5437e-02, -2.1133e-02,  4.0510e-02],
          [ 1.9103e-02,  5.1634e-02, -7.0056e-03]],

         [[ 2.2250e-02, -3.5463e-02, -7.2971e-03],
          [-4.5177e-02, -1.7067e-02, -5.5466e-02],
          [-1.0133e-02,  2.1743e-02,  8.2028e-02]],

         [[ 9.0115e-02,  5.3765e-02, -2.1546e-02],
          [ 6.3151e-02,  1.1828e-01,  7.5958e-03],
          [ 8.8736e-03,  4.5040e-02, -6.6143e-02]]],


        [[[ 9.4124e-03,  7.7094e-02, -6.2098e-02],
          [ 3.1613e-02, -2.1246e-02,  1.6586e-02],
          [-1.3178e-02, -4.5763e-03, -3.8420e-02]],

         [[ 9.1787e-02,  4.5804e-02,  4.0990e-02],
          [ 4.9571e-02,  3.0707e-02,  6.8327e-02],
          [ 7.8950e-03,  1.1542e-02,  1.0812e-01]],

         [[-4.5829e-02,  5.6843e-02,  7.9651e-03],
          [-2.5160e-02, -4.1818e-02, -5.2720e-02],
          [-6.6216e-02,  9.0981e-02,  6.6871e-03]],

         ...,

         [[ 2.6414e-03, -1.2382e-01,  5.5180e-02],
          [-6.3419e-02,  4.2398e-03, -4.5515e-02],
          [ 1.3119e-02,  1.1839e-01,  9.3623e-02]],

         [[-8.5887e-02,  7.0494e-02, -2.2477e-02],
          [ 1.2305e-01, -3.2341e-02, -2.9602e-02],
          [ 2.5136e-02, -9.2378e-02, -2.5461e-02]],

         [[ 3.3864e-02, -2.1418e-02,  3.0675e-02],
          [ 4.7558e-02,  1.5454e-02,  8.8944e-02],
          [ 5.8558e-04,  2.5636e-03,  4.3528e-02]]],


        [[[ 4.9960e-02,  1.4748e-02, -4.4122e-02],
          [ 1.5200e-02, -3.4548e-02, -1.2420e-01],
          [-9.9852e-02, -2.7092e-02, -4.0177e-02]],

         [[ 9.8408e-02,  7.3472e-02, -5.7539e-02],
          [ 3.0747e-02, -2.1262e-02, -6.0500e-02],
          [-1.4344e-02, -1.4006e-01, -9.5756e-02]],

         [[ 8.4402e-02, -1.1141e-02, -2.4322e-02],
          [ 2.0501e-03,  3.0926e-02, -2.2854e-02],
          [ 6.7714e-03, -1.1809e-02, -7.2593e-02]],

         ...,

         [[-2.3090e-02, -3.0510e-02,  5.3443e-02],
          [ 4.5194e-02, -1.8037e-02,  7.8629e-02],
          [ 8.8786e-03,  2.1326e-02,  1.8891e-02]],

         [[ 6.7384e-02,  1.2472e-02,  1.2287e-02],
          [-6.1129e-02,  3.9642e-02,  5.3333e-02],
          [-4.0102e-02, -6.4690e-02,  4.9583e-02]],

         [[ 4.5004e-03, -2.2116e-02,  8.0349e-02],
          [ 7.3928e-02, -6.6848e-02,  2.8754e-03],
          [-9.5177e-03, -1.1412e-01, -4.2054e-02]]],


        ...,


        [[[-7.9087e-02, -1.9291e-01,  8.9508e-03],
          [-7.5204e-03, -1.6722e-02, -5.3638e-02],
          [-3.5453e-02,  4.5878e-02,  2.1252e-02]],

         [[ 4.1478e-02, -1.2990e-02, -4.9579e-02],
          [-3.7968e-02, -9.4773e-03, -3.2534e-02],
          [ 1.8192e-01,  6.2164e-02, -5.6445e-02]],

         [[ 1.8952e-02, -2.8875e-02, -6.9197e-02],
          [ 6.1360e-02,  2.2815e-02,  6.2809e-02],
          [-1.4349e-02,  8.1880e-02,  3.1979e-02]],

         ...,

         [[ 3.4236e-02, -1.7520e-02, -3.9384e-02],
          [ 2.8986e-02,  7.6898e-02, -7.8404e-02],
          [ 7.7757e-02, -1.1281e-01, -6.2075e-02]],

         [[ 3.2409e-02, -3.1638e-02, -1.3321e-01],
          [-8.2911e-02,  8.8181e-02,  9.2465e-02],
          [ 1.2807e-01,  7.1630e-03,  7.5407e-02]],

         [[-6.4193e-02,  5.1478e-02, -3.8230e-02],
          [ 5.0019e-02,  5.6230e-03,  7.8465e-02],
          [ 6.8800e-02,  2.5472e-02,  1.8757e-03]]],


        [[[-5.4921e-02,  3.0957e-02,  1.5381e-02],
          [ 3.4492e-02,  5.4284e-03,  4.0069e-02],
          [ 3.1026e-02, -1.1092e-02, -8.6393e-02]],

         [[-1.0749e-01, -8.7509e-02, -8.3292e-02],
          [ 9.0380e-02, -9.1591e-04, -5.6903e-02],
          [ 3.5701e-02, -7.5364e-02, -9.4971e-02]],

         [[ 2.4310e-02, -2.1932e-04, -1.8265e-02],
          [-3.1916e-02,  5.8499e-02,  7.0745e-03],
          [ 5.7185e-02, -1.0241e-01, -7.6723e-02]],

         ...,

         [[-6.5864e-04, -4.5352e-02, -9.3744e-02],
          [-6.1987e-02, -1.3641e-02,  2.0333e-02],
          [ 4.7688e-02, -3.2986e-02, -8.1679e-02]],

         [[ 4.3074e-02,  8.9795e-02,  6.2357e-03],
          [-5.6710e-02,  1.6971e-01, -7.5310e-02],
          [-9.4565e-02,  2.7046e-02, -4.6866e-03]],

         [[ 1.3642e-02, -1.2873e-02, -9.4521e-02],
          [-3.1045e-02,  4.2250e-02,  1.4316e-01],
          [ 3.1848e-03,  1.2631e-02, -1.5562e-01]]],


        [[[-5.8667e-02,  8.9984e-02,  5.8947e-02],
          [ 7.9283e-03,  5.9940e-02, -9.3832e-02],
          [ 7.1412e-04, -7.7832e-03,  1.4507e-02]],

         [[ 7.8769e-03,  2.2907e-02, -2.6579e-02],
          [-2.2286e-01,  1.9094e-02, -5.5748e-02],
          [ 2.6213e-02,  8.7025e-02,  5.3828e-02]],

         [[ 5.6489e-02, -1.7744e-02,  2.4877e-02],
          [-8.5226e-02, -5.4770e-02,  2.1966e-02],
          [-4.9184e-02,  4.2120e-02, -8.7085e-03]],

         ...,

         [[ 6.7540e-02, -8.6346e-02,  4.0764e-02],
          [-1.2579e-02, -2.1303e-03,  5.1746e-02],
          [-5.2258e-02,  4.2520e-02,  9.2291e-03]],

         [[-1.3391e-02, -3.7996e-02, -5.9563e-02],
          [ 1.1990e-01, -4.6678e-03, -6.5453e-03],
          [ 8.2215e-02, -2.9498e-02, -6.1115e-02]],

         [[-2.7278e-02,  1.0026e-01, -7.8301e-05],
          [-4.6176e-02, -9.1223e-02,  1.0331e-02],
          [-7.8162e-03,  4.0390e-02,  5.7205e-03]]]])), ('features.4.bias', tensor([-1.4435e-09,  2.3930e-09, -3.4310e-09,  2.5647e-09, -1.9608e-09,
        -3.6298e-09,  1.5607e-09, -9.8132e-10, -5.3136e-09,  3.4745e-10,
         4.3202e-09,  5.3835e-10, -2.3078e-09, -2.4262e-09, -2.2353e-09,
        -8.3827e-10,  1.4576e-09,  2.1459e-09,  9.9257e-09,  1.8510e-09,
        -1.0965e-08, -1.0047e-09,  1.0393e-09,  2.5681e-09,  4.1676e-09,
         2.0674e-09,  3.1267e-09,  1.9142e-09,  3.4738e-09, -1.3896e-09,
        -5.6533e-10,  3.9487e-09,  1.2043e-09,  2.7893e-15,  4.7820e-09,
         1.0318e-09, -1.8820e-09, -2.7567e-10, -8.6564e-09,  2.0840e-09,
        -1.0662e-09, -1.9427e-10, -3.6623e-09, -2.4991e-09,  2.4312e-09,
        -1.6149e-09, -1.1121e-09,  8.7076e-10,  2.5888e-09, -2.7245e-10,
        -1.8012e-09, -1.4152e-09,  1.4336e-09, -3.4107e-09, -2.5071e-09,
        -5.0614e-09, -1.9497e-09,  1.0359e-09, -3.1479e-10, -2.4590e-09,
         4.1344e-09, -1.5774e-09, -3.5879e-09, -4.8327e-09])), ('features.5.weight', tensor([0.9882, 0.9894, 1.0049, 0.9951, 0.9941, 1.0073, 1.0147, 1.0026, 0.9962,
        1.0058, 1.0066, 0.9959, 0.9895, 1.0015, 0.9961, 1.0016, 0.9970, 0.9943,
        1.0178, 1.0061, 0.9973, 0.9930, 0.9926, 1.0013, 0.9884, 1.0006, 0.9939,
        0.9988, 0.9902, 0.9999, 0.9894, 0.9919, 1.0050, 0.9998, 1.0065, 1.0054,
        1.0018, 1.0016, 0.9983, 1.0059, 0.9981, 0.9952, 0.9934, 1.0034, 0.9934,
        1.0015, 1.0030, 0.9922, 0.9935, 1.0070, 1.0001, 0.9943, 0.9931, 1.0116,
        1.0076, 1.0131, 0.9958, 1.0236, 0.9988, 1.0135, 1.0069, 0.9983, 0.9943,
        1.0015])), ('features.5.bias', tensor([-0.0076, -0.0042,  0.0012, -0.0017, -0.0013,  0.0032,  0.0035,  0.0032,
        -0.0053,  0.0046,  0.0089, -0.0074, -0.0060, -0.0109, -0.0055,  0.0050,
        -0.0063,  0.0010,  0.0075,  0.0046,  0.0032, -0.0051, -0.0007,  0.0013,
        -0.0052, -0.0042, -0.0035,  0.0007, -0.0080, -0.0055, -0.0029, -0.0058,
         0.0063,  0.0027, -0.0021,  0.0041,  0.0003, -0.0088, -0.0039,  0.0023,
        -0.0006, -0.0096,  0.0018,  0.0023, -0.0008, -0.0056,  0.0058, -0.0016,
         0.0050,  0.0044,  0.0038,  0.0002,  0.0016,  0.0046, -0.0027,  0.0063,
        -0.0037,  0.0190, -0.0004,  0.0081,  0.0015, -0.0069,  0.0070,  0.0097])), ('features.5.running_mean', tensor([ 0.4985, -0.3312,  0.8574, -0.9282,  0.9690, -0.2892, -0.2313, -0.3321,
         0.1829, -1.1031, -0.0617,  0.2197,  0.6298,  0.2938, -0.0565, -0.8749,
         0.0767, -0.5605, -0.3807,  0.2479,  0.1838,  0.3121,  0.2794,  0.9099,
        -0.0808,  0.0779, -0.6069, -0.0438, -0.4603, -0.3972,  0.9111,  0.2246,
         0.7346, -1.0721, -0.3164, -0.5690, -0.1464,  0.7692, -0.4525, -0.1525,
        -0.2537,  0.7267,  0.5468, -1.0467, -0.1422, -1.3333, -0.6877,  0.0925,
         1.0844,  0.9782,  0.4829,  0.2155,  0.0746, -0.0403, -0.9324, -0.5948,
         0.1707, -0.0702, -0.2441, -0.0746, -0.6816,  0.2504,  0.0333,  0.2818])), ('features.5.running_var', tensor([0.9282, 0.5772, 0.5083, 0.5262, 0.7763, 0.5024, 0.6893, 0.8138, 0.7055,
        0.5264, 0.3825, 0.6451, 1.0372, 1.1205, 0.7248, 0.7353, 0.8575, 0.2153,
        0.2680, 0.7657, 0.2788, 0.6267, 0.4648, 0.4289, 0.4523, 0.2197, 0.5138,
        0.4208, 0.5535, 0.4857, 0.5045, 0.3452, 0.6490, 0.4314, 0.3659, 0.2333,
        0.7628, 0.5765, 0.3349, 0.5072, 0.4783, 0.4529, 0.6566, 0.5595, 0.4158,
        0.4996, 0.5770, 1.3626, 0.6474, 0.6021, 0.5533, 0.2956, 0.5585, 0.4130,
        0.5241, 0.3248, 0.5804, 0.5542, 0.4837, 0.6600, 0.5873, 0.4108, 0.4623,
        0.2608])), ('features.5.num_batches_tracked', tensor(167)), ('features.8.weight', tensor([[[[-1.1128e-01,  1.2454e-02, -6.5962e-03],
          [-5.6491e-02,  2.4766e-02,  2.1251e-02],
          [ 5.1253e-04,  3.9393e-02, -3.4200e-02]],

         [[ 4.4883e-02, -4.2863e-02, -5.8978e-02],
          [ 4.2471e-02, -1.4673e-01,  6.4260e-02],
          [ 1.1834e-01, -2.7275e-02,  6.8202e-02]],

         [[ 7.5678e-02, -4.2574e-02, -1.5992e-01],
          [-7.9287e-03,  4.0529e-02,  2.1595e-02],
          [-3.5052e-02,  3.6401e-02, -1.2719e-02]],

         ...,

         [[ 2.2375e-02, -1.0715e-01,  8.6998e-02],
          [-1.0167e-02, -2.6500e-02, -4.3751e-02],
          [-4.5828e-02, -1.8977e-01, -3.9974e-02]],

         [[ 2.3613e-02, -8.2920e-03,  5.9487e-02],
          [ 3.3630e-02, -5.0000e-02,  2.0019e-02],
          [-3.5121e-03,  1.4514e-02, -3.7922e-02]],

         [[ 4.8834e-02,  3.7680e-02, -2.9897e-02],
          [-3.7224e-02, -2.7748e-02,  9.9503e-02],
          [ 6.2980e-02, -1.9386e-03,  1.8694e-02]]],


        [[[ 7.3210e-02, -1.7354e-03, -2.5836e-02],
          [ 7.1810e-02, -6.2552e-02,  4.9937e-02],
          [-9.2581e-02, -7.4386e-02,  3.5995e-02]],

         [[-7.2664e-02,  2.1442e-02, -7.1401e-02],
          [-1.0975e-02, -1.8380e-02, -6.5788e-02],
          [ 4.1529e-03, -6.9275e-02,  5.7715e-02]],

         [[-3.2190e-02,  1.0100e-02, -6.4496e-03],
          [ 3.9380e-02, -6.2381e-03,  1.2366e-02],
          [-5.4036e-02,  5.9631e-02, -4.9671e-02]],

         ...,

         [[ 6.1287e-02, -1.3327e-01,  1.8935e-02],
          [-1.6427e-02, -4.4829e-03, -4.4516e-02],
          [ 8.3664e-02, -8.5783e-02, -1.4762e-01]],

         [[-2.2351e-03,  2.3605e-02,  3.2504e-02],
          [ 2.3242e-02,  1.8580e-02, -1.4948e-02],
          [ 8.6709e-02, -5.1103e-02,  2.4674e-02]],

         [[-2.6921e-02, -3.9457e-02, -4.5964e-02],
          [-3.4024e-02, -7.4719e-03,  1.6647e-02],
          [-1.1067e-01,  1.6433e-02, -1.3771e-02]]],


        [[[ 8.2739e-02,  4.0895e-02,  2.8644e-02],
          [-1.4257e-01,  6.0140e-03, -3.8113e-02],
          [ 6.7004e-02, -3.5712e-02,  7.9348e-02]],

         [[-1.4676e-02,  1.0783e-02,  4.2794e-02],
          [-5.7213e-02,  8.4621e-03,  6.4604e-03],
          [-8.0526e-02,  7.4579e-03,  2.0017e-02]],

         [[-7.3186e-03,  3.8931e-02,  2.2613e-02],
          [ 6.5587e-02,  1.0603e-01, -3.0991e-02],
          [ 2.3367e-03,  8.2665e-02,  6.5348e-02]],

         ...,

         [[-5.8571e-02,  4.2746e-04,  1.8729e-02],
          [ 5.8863e-02,  6.8259e-02,  5.3301e-02],
          [ 3.5017e-02, -3.5263e-02, -9.7054e-02]],

         [[-1.7921e-01,  4.0119e-02,  8.0657e-02],
          [ 4.7265e-04, -5.0037e-02, -3.9998e-02],
          [ 1.5641e-02,  3.0389e-02, -8.1246e-02]],

         [[ 6.1072e-02, -1.5417e-02,  7.1764e-02],
          [-2.0566e-02,  4.0326e-02, -1.9627e-02],
          [-1.6532e-02,  6.4398e-02, -1.0715e-01]]],


        ...,


        [[[-2.3823e-02, -3.8344e-02, -3.8475e-02],
          [ 5.8910e-02, -6.1349e-02, -1.0273e-01],
          [-3.4077e-02, -7.8414e-02, -7.9571e-02]],

         [[ 2.7536e-02, -1.7484e-02,  6.3136e-02],
          [-4.0216e-02,  1.2828e-02,  6.3702e-02],
          [ 2.5917e-02,  4.3483e-02, -1.0818e-01]],

         [[ 6.3994e-03, -2.3367e-02,  7.6577e-02],
          [ 2.9754e-03, -6.4046e-04,  4.8943e-02],
          [-3.9643e-02, -7.1949e-02,  1.6875e-02]],

         ...,

         [[-5.9665e-02, -5.2448e-03, -8.0544e-02],
          [-2.6273e-02, -6.7281e-02,  1.4582e-02],
          [-1.1960e-01,  4.6207e-02, -1.7410e-02]],

         [[ 6.2092e-02,  7.4022e-02,  2.6785e-02],
          [ 1.9128e-02, -6.4597e-02, -1.1490e-02],
          [ 9.4865e-02, -2.1620e-02,  6.6857e-02]],

         [[-7.2792e-02,  2.8278e-02, -3.1375e-02],
          [ 1.5148e-02,  2.8549e-02,  5.6059e-02],
          [-7.5300e-02, -8.4417e-02, -8.3548e-02]]],


        [[[-7.6218e-04,  7.9989e-02, -4.4196e-02],
          [ 2.7175e-02,  3.4430e-02, -2.2947e-03],
          [ 5.1021e-03, -2.3318e-02, -5.9064e-02]],

         [[-1.1655e-01, -4.9781e-02,  5.0779e-02],
          [ 3.7213e-03,  8.5987e-02,  2.8380e-02],
          [ 4.7244e-02, -2.3402e-02,  6.3452e-02]],

         [[-7.7739e-02,  1.4505e-02, -6.3849e-02],
          [-3.0908e-02, -2.6249e-03,  4.4617e-02],
          [ 7.5943e-02,  6.2233e-03,  2.4063e-02]],

         ...,

         [[-4.1806e-02, -4.1045e-05, -2.4629e-02],
          [ 8.3204e-03, -3.0720e-02, -4.8044e-03],
          [-7.7820e-03,  6.1505e-02,  4.0243e-02]],

         [[ 1.1629e-02, -2.3626e-02, -5.7974e-02],
          [ 2.1100e-02, -3.6485e-02,  4.1529e-02],
          [ 4.7641e-03,  6.7982e-02,  9.1258e-03]],

         [[-4.7825e-02, -1.6670e-02,  9.9480e-03],
          [-6.6812e-02,  1.4095e-02, -7.3759e-02],
          [ 1.1291e-02, -3.3384e-02, -3.9249e-02]]],


        [[[ 5.7603e-02,  5.4680e-02, -4.3268e-03],
          [-3.2682e-02,  2.6144e-03,  9.3189e-03],
          [ 4.5814e-02, -1.5766e-01, -4.2132e-02]],

         [[ 8.2675e-02,  1.8064e-02, -3.5310e-02],
          [-1.2008e-02, -8.2694e-02,  8.2973e-02],
          [-1.5449e-03, -1.0227e-02,  5.4614e-02]],

         [[-5.9498e-02, -1.7644e-02,  1.9974e-02],
          [-5.5144e-02,  7.5595e-02, -9.7468e-02],
          [-7.2105e-03,  6.0320e-02,  1.6832e-02]],

         ...,

         [[ 8.1375e-02, -9.2224e-02,  4.3003e-02],
          [ 5.9580e-02, -3.7740e-02,  7.0715e-02],
          [ 6.9137e-02,  3.3188e-02, -7.2493e-02]],

         [[ 6.2591e-03, -5.3595e-02, -8.0799e-02],
          [-9.9489e-02, -3.5436e-02, -1.3267e-02],
          [-7.3965e-02, -9.3594e-02, -6.5226e-02]],

         [[-2.9601e-02,  1.0307e-01, -6.2786e-02],
          [-1.2475e-02,  3.2525e-02, -1.5245e-02],
          [-2.3980e-02,  7.4426e-02, -2.3848e-02]]]])), ('features.8.bias', tensor([ 4.2073e-10,  2.5614e-10,  2.5020e-09,  5.1071e-10, -1.9113e-09,
         1.3090e-09,  3.4821e-10,  8.4814e-10,  2.1338e-09, -3.6711e-10,
         1.0849e-09, -1.3733e-09, -3.0910e-09,  1.0967e-09, -4.9407e-10,
         2.7389e-09, -1.4945e-09, -6.2462e-10, -9.2728e-10, -1.0866e-09,
         3.8837e-10,  1.5021e-09,  7.4515e-10,  3.2216e-09, -5.1925e-10,
        -3.0758e-09, -2.6533e-09,  1.3984e-09,  7.0246e-10, -1.2533e-09,
        -9.7797e-10,  6.4703e-10,  3.8647e-10, -7.1214e-10,  1.3938e-09,
        -7.0801e-10, -6.9951e-10,  1.2926e-09,  5.2068e-09, -7.1767e-11,
        -8.5746e-10,  2.2659e-10,  9.1637e-11,  3.2693e-10,  1.6746e-09,
        -1.0406e-09,  6.6354e-10, -7.8104e-13, -9.6492e-10,  1.4332e-09,
         1.3414e-09, -7.0507e-10,  5.5117e-10, -4.4439e-10,  1.6805e-10,
         1.1758e-09, -8.3334e-10, -5.8054e-10,  9.7399e-10, -5.0160e-10,
         2.3251e-09,  1.2065e-09, -1.1013e-09,  1.9629e-09])), ('features.9.weight', tensor([1.0040, 0.9933, 1.0056, 1.0041, 1.0032, 1.0116, 1.0019, 0.9927, 1.0181,
        1.0008, 1.0067, 0.9971, 0.9960, 1.0010, 0.9989, 1.0107, 1.0076, 1.0091,
        0.9965, 1.0123, 1.0179, 1.0239, 0.9956, 1.0082, 0.9933, 1.0016, 1.0094,
        1.0003, 0.9976, 1.0075, 1.0058, 1.0027, 1.0033, 0.9975, 1.0025, 0.9995,
        1.0098, 0.9970, 1.0187, 1.0056, 0.9989, 0.9942, 1.0089, 0.9978, 0.9996,
        0.9997, 1.0085, 0.9903, 0.9981, 0.9953, 0.9973, 0.9944, 0.9983, 1.0042,
        1.0078, 1.0006, 0.9942, 0.9974, 0.9999, 1.0138, 1.0109, 0.9975, 0.9969,
        0.9994])), ('features.9.bias', tensor([ 4.1832e-03, -8.3242e-03, -2.2117e-03, -2.4434e-03,  2.4741e-04,
         2.9902e-05, -4.2809e-03, -1.2641e-02,  7.6391e-03, -6.4838e-03,
        -1.8232e-03, -1.0706e-02, -6.6848e-03, -1.8697e-03, -7.3797e-03,
         5.6392e-04,  3.0172e-03, -5.3935e-03, -4.7368e-03, -6.8100e-05,
         7.8642e-03,  9.6955e-03, -9.6533e-03, -3.7666e-03, -7.6327e-03,
        -1.3447e-03, -4.7680e-03, -4.6062e-03, -7.8334e-03,  7.2345e-04,
         9.5600e-04, -6.4183e-03,  8.1203e-03, -7.8057e-03, -1.1518e-03,
        -2.9171e-03, -3.7308e-03, -1.1538e-02,  2.3661e-03, -1.5015e-03,
        -1.8645e-03, -9.0173e-03,  1.1128e-03, -4.2048e-03, -5.5685e-03,
        -5.0983e-03,  3.3196e-03, -1.2252e-02, -4.3139e-03, -2.1179e-03,
        -6.0039e-03, -9.8296e-03, -3.0422e-03, -7.7537e-03, -4.5167e-03,
        -1.0021e-03, -8.5561e-03, -6.6368e-03, -6.4425e-03, -1.6057e-03,
        -9.2197e-04, -7.1138e-03, -4.7364e-03, -4.4419e-03])), ('features.9.running_mean', tensor([-0.6018,  0.0529,  0.9872, -2.0661, -0.1795, -0.4472,  0.5538, -0.5353,
         0.4076, -2.0377,  0.5418,  0.0449, -0.4192,  1.3813,  0.2913, -0.6186,
        -0.6059, -1.4880, -1.6028, -1.5240, -0.9069, -0.8630, -0.4578,  0.0410,
         1.6967, -0.5241, -1.0339,  1.0237, -0.6227, -1.2827,  0.9773, -0.1937,
         0.6536, -0.5144, -0.6536,  0.6034, -0.0601, -0.3561, -0.7241, -0.1578,
         0.3075, -0.7327,  1.6575,  0.0372,  0.4591, -0.1687, -0.3982,  1.4417,
        -0.8452,  0.5229,  1.2501, -1.9703,  0.3226, -1.6697, -0.0423,  0.8280,
         0.5962, -0.5601,  0.8969, -1.1255, -0.3181, -1.6192,  0.9276, -0.9214])), ('features.9.running_var', tensor([1.1403, 0.8095, 0.9215, 1.2470, 1.3391, 1.0698, 1.0236, 0.9376, 0.9296,
        1.0785, 0.9998, 0.9922, 0.6822, 1.3386, 1.0397, 1.2815, 1.3615, 1.3716,
        1.0070, 1.3329, 1.3522, 1.5560, 1.2228, 0.8502, 1.5027, 0.8266, 1.3903,
        1.0993, 1.6020, 1.4374, 0.9351, 1.4257, 1.0873, 0.8305, 1.1403, 0.7387,
        0.9748, 1.2358, 1.4676, 1.2336, 0.9975, 1.0423, 0.9079, 0.7476, 1.3022,
        0.7643, 1.0569, 1.4930, 1.3598, 1.1195, 1.0447, 1.3210, 0.9344, 1.3126,
        0.9914, 0.9567, 1.1124, 0.6519, 0.9704, 0.9194, 1.3812, 1.1658, 0.7261,
        1.3385])), ('features.9.num_batches_tracked', tensor(167)), ('denses.0.weight', tensor([[ 1.9055e-02,  8.9338e-03,  6.9119e-03,  ..., -1.2053e-02,
         -9.8481e-03,  1.4407e-02],
        [ 5.5357e-03, -6.8627e-03,  1.5639e-03,  ..., -3.6026e-03,
          1.0219e-02, -3.4330e-04],
        [ 4.2186e-03, -1.7382e-03,  6.3666e-03,  ..., -3.4769e-03,
         -1.4085e-02,  5.0874e-03],
        ...,
        [ 1.0274e-02,  8.0089e-03, -5.1649e-03,  ..., -1.3705e-03,
          2.4988e-02, -4.1112e-03],
        [-5.4918e-03,  2.0191e-03, -1.5102e-05,  ...,  5.5029e-03,
          9.9873e-03, -7.9754e-03],
        [-2.0045e-03,  2.2234e-02,  2.1569e-03,  ..., -8.0557e-03,
         -1.1211e-02,  4.6294e-03]])), ('denses.0.bias', tensor([ 1.3708e-03,  3.4342e-04,  1.6363e-03, -4.9598e-04, -1.0592e-03,
        -2.3263e-05, -1.6654e-04,  1.3693e-03,  7.7160e-04,  5.5639e-05,
         3.1251e-04, -1.1679e-03, -4.3181e-04,  4.4478e-05, -1.1979e-03,
         4.8277e-05, -2.7818e-03, -5.6292e-04, -4.2096e-04,  2.4132e-04,
        -3.2548e-05, -8.8698e-04, -5.9608e-04,  8.8663e-04,  1.2946e-03,
        -5.7235e-04,  2.1076e-03,  1.6928e-03,  8.7699e-04, -4.7112e-04,
         2.2304e-03, -2.7785e-04,  8.2283e-04,  9.5045e-04, -6.8432e-04,
        -4.0051e-04, -7.0428e-04, -1.1680e-03,  3.2138e-04, -1.3585e-03,
         2.0918e-04, -1.4589e-04, -8.4442e-04, -1.9212e-03,  5.8931e-04,
        -1.0078e-03, -1.0522e-03,  2.1466e-04,  8.1325e-04, -1.8649e-04,
         4.6540e-04, -4.8836e-04, -6.1168e-05,  1.0583e-03, -1.9702e-03,
         2.2900e-03,  7.7174e-04,  6.4581e-04,  7.0205e-04,  9.6513e-04,
         5.5032e-04,  4.3327e-04,  2.3717e-04,  1.5280e-03, -5.0655e-06,
         7.5480e-04,  4.9022e-04, -1.4981e-04, -3.2482e-04, -9.0086e-04,
        -1.4939e-04, -1.2027e-03, -1.9274e-03, -3.8226e-04,  6.8306e-04,
        -5.9580e-04,  8.1116e-04,  7.7757e-04, -5.2867e-04, -1.5662e-04,
         2.0148e-03,  1.6573e-04, -1.1547e-03, -3.8632e-04,  1.3150e-04,
         5.6746e-04,  1.8211e-04,  7.3469e-04, -1.4330e-03,  2.8354e-03,
        -2.6708e-03, -3.1089e-04,  1.4258e-03,  1.3023e-03,  9.3382e-04,
         2.1673e-04,  9.6425e-04, -6.3926e-04, -2.4878e-05, -2.4605e-04,
         1.7031e-04,  6.9893e-05, -4.6937e-04,  1.3676e-03,  9.0147e-04,
         1.8169e-03, -6.1358e-04, -1.3480e-03,  7.1609e-04, -8.5314e-04,
        -1.5203e-03,  4.8957e-04, -5.8893e-04,  3.6593e-04, -2.7783e-04,
        -7.8086e-04,  1.1666e-04,  1.4739e-04, -5.5103e-04,  3.6823e-04,
        -1.4817e-05,  7.6253e-04, -1.3758e-03,  3.0739e-04, -9.1939e-04,
         9.8690e-04,  9.4173e-04, -1.6285e-04])), ('denses.1.weight', tensor([[-0.0079,  0.0248, -0.0207,  ..., -0.0580, -0.0196,  0.0361],
        [-0.0896, -0.0175, -0.0808,  ...,  0.0158, -0.0150,  0.0065],
        [ 0.0154, -0.0019,  0.0444,  ..., -0.0481,  0.0328,  0.0277],
        ...,
        [ 0.0613,  0.0227,  0.0374,  ..., -0.0301,  0.0117, -0.0127],
        [-0.0215, -0.0351, -0.0484,  ..., -0.0192, -0.0142, -0.0105],
        [-0.0483, -0.0378, -0.0017,  ...,  0.0256,  0.0355, -0.1023]])), ('denses.1.bias', tensor([-0.0216, -0.0061,  0.0167,  0.0364,  0.0124, -0.0111, -0.0203,  0.0179,
        -0.0375,  0.0133]))]), 16666.666666666668)