(OrderedDict([('features.0.weight', tensor([[[[ 4.1932e-02, -5.3092e-02,  7.3386e-02],
          [ 2.7896e-02, -4.7101e-03, -2.0952e-02],
          [-7.4121e-02, -2.7859e-02, -5.1787e-03]],

         [[-2.7474e-02, -1.4061e-01,  7.8950e-02],
          [-1.0977e-01,  1.2366e-02, -1.1837e-01],
          [-4.4063e-02, -5.2869e-02, -9.6190e-02]],

         [[ 1.0594e-02, -1.7678e-01,  1.1775e-01],
          [-9.1021e-03, -9.8460e-02,  8.8116e-02],
          [-1.8753e-02, -2.0187e-01, -1.3193e-02]]],


        [[[-2.2269e-01, -9.2803e-02, -6.7839e-02],
          [-1.7282e-01, -7.7401e-02,  7.5387e-02],
          [-5.5252e-03,  9.0959e-02,  1.8658e-01]],

         [[ 1.1618e-01,  1.0075e-02,  5.8102e-02],
          [-4.1769e-04,  1.3880e-01,  1.9283e-02],
          [ 1.0533e-01, -2.7376e-02,  8.7923e-03]],

         [[-5.5682e-02,  7.4397e-02,  7.5184e-02],
          [ 1.4199e-01,  2.9504e-02,  1.8644e-02],
          [-6.8341e-02, -1.6378e-02, -1.6449e-01]]],


        [[[-9.1974e-02, -2.7894e-01, -3.8830e-02],
          [ 1.2722e-01, -5.0807e-02,  4.1313e-02],
          [-1.9829e-02,  2.2833e-01,  1.1162e-01]],

         [[-1.3057e-01, -1.0933e-01, -1.5601e-01],
          [ 7.3473e-03, -5.2402e-02, -1.0218e-01],
          [ 2.5526e-01,  2.1859e-01,  6.6675e-02]],

         [[-4.4851e-02,  4.5766e-02, -8.5452e-02],
          [-2.8266e-02, -6.5053e-02,  7.1822e-02],
          [ 4.0713e-02, -1.1945e-02,  7.3016e-02]]],


        [[[-1.8330e-01, -4.3064e-02, -1.6925e-01],
          [-5.2052e-02, -4.0827e-03, -1.0113e-01],
          [ 2.6959e-02, -2.1313e-01, -4.8748e-02]],

         [[ 4.9939e-03, -2.1232e-02,  2.1707e-02],
          [-6.9377e-03,  9.3602e-02,  1.1495e-01],
          [ 1.6562e-02,  5.5843e-02, -4.9672e-03]],

         [[ 1.8672e-01,  9.7635e-02,  2.1063e-02],
          [ 1.5315e-01,  6.0540e-02,  1.0332e-01],
          [-4.0059e-02,  3.6265e-02,  1.0759e-01]]],


        [[[ 3.9896e-01, -1.7343e-01, -1.5196e-02],
          [-8.7573e-02, -1.2978e-01,  2.2910e-01],
          [-7.8481e-02,  1.6427e-01, -2.6181e-01]],

         [[ 1.7091e-01, -2.8529e-01,  6.6317e-02],
          [-1.4425e-01, -1.9153e-01,  1.2576e-01],
          [-7.0663e-02,  2.8154e-01, -8.2768e-02]],

         [[ 4.7280e-02, -2.5855e-01,  1.0339e-01],
          [-5.0663e-02, -2.6933e-02,  2.2556e-01],
          [-1.5177e-01,  3.7485e-01, -1.6222e-01]]],


        [[[-1.7189e-01, -4.4936e-02,  2.5753e-02],
          [-2.5207e-01, -3.5099e-02, -4.1666e-02],
          [-3.0435e-02, -2.1694e-01, -2.8439e-02]],

         [[ 8.3925e-02, -1.3086e-01, -1.1011e-01],
          [ 1.4269e-01, -1.0054e-01,  1.2495e-02],
          [-8.1541e-02, -3.2948e-02, -8.2540e-02]],

         [[ 6.1713e-02,  2.2807e-02,  2.3983e-02],
          [ 3.1770e-01,  1.9366e-01,  1.5063e-01],
          [ 1.6545e-01,  5.0256e-02,  7.0454e-02]]],


        [[[ 7.0367e-02,  4.4442e-02, -1.9138e-02],
          [ 9.2910e-02,  5.1343e-02,  1.3717e-02],
          [ 1.1286e-01,  1.7224e-02,  1.8380e-01]],

         [[-6.3413e-02, -4.9773e-02, -6.7299e-02],
          [-7.9919e-02, -1.8496e-01, -2.2231e-01],
          [-2.2851e-01, -1.4186e-01,  1.0662e-01]],

         [[ 1.4563e-01,  1.1430e-01,  4.1699e-02],
          [-3.9289e-03, -4.8677e-02, -2.3836e-02],
          [-9.5084e-02, -9.8461e-02,  1.4412e-02]]],


        [[[ 3.0384e-03, -3.1201e-02,  1.8827e-01],
          [-1.4414e-02,  1.1054e-01,  5.2201e-02],
          [ 1.3968e-01, -9.1036e-03, -1.7832e-01]],

         [[-1.4712e-02, -1.8450e-01, -2.4905e-02],
          [-6.8326e-02, -1.6777e-01, -2.4744e-01],
          [ 1.8305e-01,  2.7958e-02, -1.5177e-01]],

         [[-1.4570e-01,  2.0783e-02,  2.2864e-01],
          [ 1.5091e-02,  2.0269e-02, -8.4015e-02],
          [ 1.0021e-01,  4.2412e-02, -4.1711e-02]]],


        [[[-1.9919e-01, -2.6934e-02,  9.2117e-02],
          [-6.5534e-02, -2.9401e-02,  1.0097e-01],
          [ 1.1258e-01,  1.1376e-01, -7.6930e-02]],

         [[-3.2569e-02, -1.9013e-01,  1.4438e-01],
          [-1.1020e-01, -6.4264e-03, -1.9937e-02],
          [ 2.4164e-02,  1.8310e-01,  7.8041e-03]],

         [[-1.4899e-01, -5.8679e-02,  3.4726e-02],
          [-6.4583e-02,  5.6095e-02,  8.8281e-02],
          [ 7.3809e-03,  5.0118e-02, -1.5078e-02]]],


        [[[ 1.5734e-01,  2.7386e-01,  1.2178e-01],
          [ 1.4641e-01,  6.4357e-02,  1.8629e-01],
          [-4.0745e-02,  1.1590e-01, -7.3684e-03]],

         [[-3.7667e-02, -1.5234e-01, -1.7070e-01],
          [-8.3602e-02, -2.9621e-02, -1.8095e-02],
          [-1.9857e-01, -1.7015e-01, -1.5703e-01]],

         [[-5.5567e-02, -1.3070e-01, -6.0913e-03],
          [-5.6647e-02, -8.1206e-02, -1.4655e-01],
          [ 2.1941e-01,  4.9038e-02,  8.9299e-02]]],


        [[[-1.2929e-01,  2.5499e-02,  6.4793e-02],
          [-7.6718e-02, -1.0027e-01,  1.0822e-01],
          [ 1.5973e-02, -7.4409e-02,  1.7885e-01]],

         [[ 9.6682e-02, -2.3112e-01, -1.5748e-01],
          [ 4.2828e-02, -5.9303e-02, -7.7507e-02],
          [-1.1410e-01,  1.5346e-01,  1.1129e-01]],

         [[-8.7790e-02, -1.6629e-01,  8.8997e-02],
          [-7.4206e-02,  7.0568e-04,  1.3918e-01],
          [-1.5395e-01, -4.2657e-02, -1.0460e-02]]],


        [[[-5.7171e-02,  8.2368e-02,  3.0501e-02],
          [ 3.6280e-02,  1.0270e-01,  8.2658e-02],
          [ 4.7990e-02, -4.7583e-02,  2.8474e-02]],

         [[-1.0414e-01,  1.6510e-02, -2.6802e-02],
          [ 6.6131e-02, -3.6326e-02, -5.6428e-03],
          [-2.0319e-02, -2.0707e-03, -1.1833e-01]],

         [[ 4.3037e-02,  7.5121e-02,  1.7692e-01],
          [ 1.3667e-01, -2.5052e-02,  2.2418e-02],
          [ 8.8451e-02,  2.1971e-01, -1.1776e-01]]],


        [[[ 3.4247e-02,  6.7194e-02, -2.0109e-02],
          [-1.1811e-01, -5.9090e-02,  1.8274e-02],
          [-4.0807e-02,  9.7497e-02,  1.9668e-02]],

         [[ 3.4267e-02,  6.7360e-02,  5.9914e-02],
          [-1.4066e-01, -1.5277e-01,  4.7321e-03],
          [-6.6700e-02, -2.6023e-02,  4.2720e-02]],

         [[ 2.9384e-02,  1.7683e-01, -6.9918e-02],
          [-1.6151e-01, -6.0648e-02, -1.4043e-01],
          [-9.2611e-02, -6.7358e-02, -1.5795e-01]]],


        [[[ 4.0468e-02,  1.8806e-01,  1.0372e-01],
          [-4.7697e-02, -9.8441e-02,  1.1643e-02],
          [-1.0010e-01, -2.3558e-01,  1.1826e-02]],

         [[ 1.8955e-01,  1.8012e-01, -7.1827e-02],
          [ 1.5302e-01,  2.8470e-02, -6.9066e-02],
          [-2.7992e-01, -1.6809e-01,  3.4032e-02]],

         [[ 1.8470e-01,  3.0137e-02,  8.0510e-02],
          [ 5.2456e-03,  2.1151e-02, -1.3864e-01],
          [-8.7486e-02, -8.4202e-02,  8.3333e-02]]],


        [[[ 1.2768e-02,  9.3486e-02,  2.2742e-01],
          [-1.1686e-01, -5.3382e-02,  2.2889e-01],
          [-1.3793e-01, -5.8391e-02, -1.3400e-01]],

         [[-1.1907e-01,  1.2519e-01,  5.1881e-02],
          [-1.2955e-01,  3.8423e-02,  4.9319e-02],
          [-1.6119e-01, -1.2123e-01,  1.4843e-02]],

         [[ 1.2706e-01,  5.8389e-02,  6.5226e-02],
          [-1.4726e-02, -5.3541e-02,  4.7263e-02],
          [-1.0401e-02, -1.6936e-01,  7.8598e-02]]],


        [[[ 9.0012e-02,  6.3455e-02, -8.9015e-02],
          [-4.2120e-02, -2.0472e-02,  4.7198e-02],
          [-6.1594e-02, -3.3654e-02,  1.0426e-01]],

         [[ 1.8619e-01,  2.6353e-01, -1.1524e-01],
          [ 4.1755e-02,  1.9456e-01,  9.7279e-02],
          [-5.3760e-02,  1.1640e-01,  2.4231e-01]],

         [[-3.3044e-02, -1.0129e-01, -1.4355e-01],
          [-6.5728e-02, -1.7699e-01, -9.7785e-02],
          [-1.2638e-01, -1.8806e-01, -4.7973e-02]]],


        [[[-1.4617e-01, -2.0378e-01,  1.2952e-01],
          [ 8.1524e-02, -3.9223e-02, -1.7034e-02],
          [ 1.7606e-01,  6.6652e-02, -1.0170e-02]],

         [[ 4.5301e-02, -1.6863e-01, -1.2100e-01],
          [ 5.6608e-02,  2.6552e-02, -2.1570e-02],
          [ 4.2042e-02,  1.9511e-01,  5.1785e-03]],

         [[-1.9459e-02, -9.0752e-02,  1.7384e-01],
          [-4.0973e-02, -2.3309e-04, -2.1839e-01],
          [-4.0977e-02,  1.3125e-01,  4.4870e-03]]],


        [[[-2.3904e-01, -6.9248e-02,  1.6066e-01],
          [ 2.6553e-04,  7.2926e-02, -5.9820e-02],
          [ 5.0069e-02,  6.2304e-02,  1.3081e-02]],

         [[-3.3227e-02,  1.6059e-02, -6.8774e-02],
          [-1.2279e-01, -1.1936e-01,  4.6125e-02],
          [-7.8310e-02, -1.5774e-01, -7.0156e-02]],

         [[-3.4038e-02,  2.1187e-01,  1.0233e-01],
          [-8.9934e-02, -5.6808e-02,  3.8869e-02],
          [-7.9656e-02, -4.6219e-03,  9.9237e-02]]],


        [[[-1.3944e-01, -1.4310e-02,  2.0326e-01],
          [-5.6226e-02,  1.7771e-02,  9.2663e-02],
          [-5.2562e-02, -1.8555e-02, -1.6042e-02]],

         [[-3.1067e-01, -4.8678e-02,  2.1631e-01],
          [-1.1409e-01, -1.2638e-02,  1.8041e-01],
          [-1.8297e-01,  9.8358e-02,  5.3567e-02]],

         [[-1.5205e-01, -5.9318e-03,  3.1172e-01],
          [-2.2963e-01, -1.0348e-01,  2.1533e-01],
          [-5.5023e-02,  3.3344e-02,  1.6800e-02]]],


        [[[ 7.2541e-02, -1.6098e-01,  8.8735e-02],
          [ 7.7535e-02, -1.7182e-01,  9.6246e-02],
          [ 1.0039e-01, -1.0095e-01,  1.0704e-01]],

         [[-4.7552e-02, -2.0790e-01,  5.1123e-02],
          [-1.7838e-02, -5.0929e-02,  1.0783e-01],
          [ 6.6544e-02, -2.3086e-01, -3.9703e-02]],

         [[ 4.9076e-02, -7.6726e-02,  7.6961e-02],
          [ 2.4910e-01,  3.2073e-02,  8.6121e-02],
          [ 6.7027e-02, -9.2122e-02,  2.2445e-02]]],


        [[[ 3.8820e-02, -1.6326e-01,  1.1957e-01],
          [ 1.9026e-01,  2.6607e-02, -1.0812e-01],
          [ 1.0686e-01, -1.0740e-01,  1.3127e-01]],

         [[-1.7231e-02, -1.2203e-01,  1.0645e-01],
          [ 9.5939e-02,  7.8867e-02,  1.1478e-02],
          [-1.1359e-02, -2.5927e-01,  9.1122e-02]],

         [[-4.0138e-02,  1.2570e-02,  1.0814e-01],
          [ 1.6620e-01, -9.6213e-02, -1.0857e-02],
          [ 5.1058e-02, -9.9044e-02,  1.0297e-01]]],


        [[[-6.1892e-02,  3.7338e-02,  1.6901e-01],
          [ 5.2801e-02,  5.8898e-02,  1.2564e-01],
          [ 5.6072e-02,  4.7108e-03,  7.8994e-02]],

         [[ 1.0301e-01,  7.5929e-02,  7.8667e-02],
          [-4.7739e-02,  5.1446e-02,  3.3777e-02],
          [-1.7900e-01, -6.6607e-02, -4.4197e-02]],

         [[-5.6055e-03,  1.1715e-01,  8.4435e-02],
          [-2.6038e-02, -8.0717e-02, -2.3669e-02],
          [ 5.8219e-02, -1.7324e-02,  7.3752e-02]]],


        [[[ 1.9587e-01, -6.1331e-02, -9.2350e-02],
          [ 7.5353e-02,  8.3248e-02,  8.8288e-03],
          [ 2.0721e-02,  4.0267e-02,  2.9178e-02]],

         [[-4.4980e-03, -8.2117e-02, -1.4462e-01],
          [ 8.1578e-03, -1.1888e-01, -1.7858e-01],
          [ 1.7862e-01, -8.1301e-03, -2.1110e-01]],

         [[ 7.5505e-02, -3.8595e-02, -1.6134e-01],
          [ 1.7696e-01,  6.9551e-02, -1.6903e-01],
          [ 1.0604e-01,  8.4890e-02, -3.0701e-02]]],


        [[[ 3.7369e-02,  8.8398e-02, -3.9988e-02],
          [ 4.1869e-02,  9.4342e-03,  4.2995e-02],
          [ 5.8655e-02,  1.3453e-01,  5.0431e-02]],

         [[-7.3772e-02,  1.0786e-01, -6.1158e-02],
          [ 2.5347e-02,  1.4988e-01,  3.2719e-02],
          [ 1.1358e-01,  3.0567e-02,  7.9080e-02]],

         [[-4.0284e-02, -2.1559e-02,  9.8856e-03],
          [ 1.3615e-01, -5.7214e-02, -4.0205e-02],
          [-4.7556e-02,  1.0266e-02, -4.8469e-02]]],


        [[[ 1.6632e-01,  5.2431e-02, -8.4805e-02],
          [-2.6156e-02, -3.5668e-02, -2.4854e-02],
          [ 3.9471e-02, -1.4532e-01, -2.6067e-02]],

         [[-3.6989e-02,  8.2803e-03,  3.3723e-02],
          [ 4.9879e-02, -5.4268e-02,  5.0772e-02],
          [-5.2366e-02,  8.8373e-02, -1.0778e-01]],

         [[ 3.3598e-02,  4.8454e-02,  1.1506e-01],
          [ 8.4884e-02,  1.4885e-01, -7.1923e-02],
          [ 1.0004e-01,  9.1793e-02,  1.1506e-01]]],


        [[[ 3.5240e-03, -9.0015e-02, -2.4657e-01],
          [-1.2958e-01,  2.0090e-02, -7.0804e-02],
          [ 2.1673e-02, -1.1841e-01, -5.6159e-02]],

         [[-5.4931e-02, -5.8007e-02,  2.4409e-02],
          [-1.4487e-01,  3.6435e-02,  2.4074e-02],
          [ 8.2490e-02,  6.4840e-03,  8.9091e-02]],

         [[-6.8033e-02, -1.0591e-01,  9.8234e-02],
          [ 3.3535e-02, -9.2314e-02,  2.0240e-02],
          [ 1.3819e-01,  1.5741e-01,  1.5428e-01]]],


        [[[-4.2953e-02,  7.0988e-02, -1.0551e-01],
          [-2.4599e-03, -1.1442e-01,  4.6800e-02],
          [-7.4454e-02, -9.2513e-02,  2.9765e-02]],

         [[-2.8478e-03, -2.5819e-02,  6.0730e-02],
          [-1.7673e-01, -1.4372e-01, -6.9890e-02],
          [ 2.6014e-02,  4.2288e-02, -9.0799e-02]],

         [[ 4.1050e-02, -7.7498e-02, -1.7992e-01],
          [-4.9726e-02, -1.0861e-01,  3.0154e-02],
          [ 5.7040e-03,  5.6513e-02,  1.3842e-01]]],


        [[[ 2.6416e-02, -3.0698e-02, -8.1591e-02],
          [ 1.5802e-01, -6.9353e-04, -6.6709e-02],
          [-1.0945e-01,  9.6483e-02, -1.7550e-01]],

         [[ 1.4339e-01,  7.2473e-02,  1.1330e-02],
          [ 1.0592e-01,  1.6716e-01, -6.9334e-02],
          [ 8.6329e-02,  1.0386e-01, -3.0370e-01]],

         [[ 2.2613e-02,  1.6098e-01, -2.0312e-01],
          [ 1.7617e-03, -1.2236e-01, -7.0683e-02],
          [ 8.2597e-02, -3.1187e-02, -8.0153e-02]]],


        [[[-1.0008e-01, -3.0660e-02, -4.1375e-02],
          [ 6.0252e-02,  1.2474e-01, -1.0089e-01],
          [ 7.6169e-02,  7.0393e-02,  1.6217e-02]],

         [[-7.5872e-02, -3.6263e-02,  5.7466e-02],
          [ 8.3085e-05, -8.4259e-02,  7.9501e-02],
          [-1.3849e-01,  7.4138e-02, -2.2701e-02]],

         [[ 4.8167e-02,  7.6028e-02,  6.6072e-03],
          [ 2.0871e-01,  1.9424e-02, -3.8880e-02],
          [ 1.5281e-02,  1.8671e-02,  1.2670e-01]]],


        [[[ 3.7965e-04,  1.4475e-01, -3.8420e-02],
          [ 1.0625e-01,  6.4468e-02, -1.1388e-01],
          [-2.1755e-01, -1.0756e-02,  2.1525e-02]],

         [[ 7.6807e-02,  1.9492e-01, -6.4332e-02],
          [ 3.0150e-02, -1.8072e-02, -1.4582e-01],
          [-1.1791e-01, -7.4198e-02, -1.9803e-01]],

         [[ 3.9051e-02,  4.2041e-02, -4.1678e-02],
          [ 5.7565e-02, -9.1814e-02,  7.7959e-02],
          [-1.2450e-01,  7.3033e-02, -3.3930e-02]]],


        [[[-9.2480e-02,  1.9442e-02,  8.6568e-02],
          [-1.6652e-01,  5.9345e-03, -1.2954e-01],
          [ 9.8577e-02,  3.2267e-01,  1.1116e-01]],

         [[-1.1863e-02,  3.4200e-03, -1.7434e-01],
          [-1.4154e-01, -4.4490e-02, -1.7603e-01],
          [ 1.1477e-01,  1.0766e-01,  1.2326e-01]],

         [[-6.2612e-02,  1.2809e-01, -1.0459e-01],
          [ 1.7939e-03, -7.2906e-02,  9.0084e-03],
          [ 1.3144e-02,  5.1337e-02,  1.6934e-01]]],


        [[[-2.7962e-03, -6.6886e-02,  1.2382e-01],
          [-1.4613e-01,  2.9234e-02, -1.8409e-01],
          [-7.1293e-02, -1.0378e-02, -6.6695e-02]],

         [[ 2.1555e-02,  6.6204e-02, -1.0443e-01],
          [-1.0784e-01, -1.6339e-01, -2.9539e-02],
          [ 3.0820e-02, -1.2084e-02, -1.1879e-01]],

         [[ 1.7294e-01,  9.1204e-02, -5.8816e-02],
          [-1.1457e-01,  8.0890e-02, -1.6971e-02],
          [-2.0744e-02,  7.3558e-02, -4.8446e-02]]]])), ('features.0.bias', tensor([ 4.3651e-09, -1.5336e-08,  1.3857e-08, -1.8164e-08, -3.2008e-08,
         8.6195e-09,  8.9816e-09,  2.5842e-08, -4.6100e-08, -4.4425e-08,
         2.4368e-08,  1.7492e-08, -2.0522e-08,  9.7204e-09,  7.2845e-09,
        -1.4746e-08, -1.0220e-08,  5.3559e-09,  1.5432e-08, -2.0848e-08,
         9.4467e-09, -4.6186e-09,  2.3600e-08,  1.5804e-08, -2.3844e-08,
        -7.1880e-09,  1.0264e-08,  1.2534e-08, -1.2018e-08, -7.2665e-11,
        -1.3646e-08, -2.2310e-09])), ('features.1.weight', tensor([0.9820, 1.0026, 1.0323, 0.9629, 1.0273, 0.9935, 0.9669, 1.0036, 0.9715,
        1.0407, 1.0094, 0.9883, 0.9610, 1.0358, 1.0271, 0.9788, 0.9895, 0.9739,
        1.1396, 1.0008, 0.9731, 0.9964, 1.0551, 0.9920, 0.9863, 0.9704, 0.9752,
        1.0394, 0.9525, 0.9875, 1.0122, 0.9557])), ('features.1.bias', tensor([-0.0199, -0.0097,  0.0527, -0.0254,  0.0489,  0.0496, -0.0279,  0.0175,
         0.0203, -0.0635,  0.0146,  0.0101, -0.0267, -0.0538,  0.0045, -0.0089,
         0.0453, -0.0110,  0.0017,  0.0147, -0.0035, -0.0346, -0.0259, -0.0089,
        -0.0177, -0.0169,  0.0013,  0.0637, -0.0456, -0.0321,  0.0564, -0.0650])), ('features.1.running_mean', tensor([ 0.2628, -0.0672, -0.0218, -0.0639, -0.0036, -0.0046,  0.1418,  0.1244,
         0.0181, -0.0049,  0.1434, -0.1955,  0.2121,  0.0191,  0.0384,  0.0006,
         0.0147,  0.0916,  0.0035, -0.0284, -0.1020, -0.1897,  0.0361, -0.2067,
        -0.1616,  0.0617,  0.2413,  0.0061, -0.1230,  0.0709,  0.0128,  0.1787])), ('features.1.running_var', tensor([1.1798, 0.1595, 0.8114, 0.3444, 0.1565, 0.5030, 0.4511, 0.4089, 0.3297,
        0.2739, 0.6096, 0.6680, 0.9513, 0.7552, 0.7398, 0.3015, 0.2868, 0.3673,
        1.3567, 0.3451, 0.3815, 0.8191, 0.7426, 0.7974, 0.5228, 0.4403, 1.0117,
        0.5779, 0.2905, 0.4333, 0.5941, 0.7156])), ('features.1.num_batches_tracked', tensor(501)), ('features.4.weight', tensor([[[[ 3.5324e-02,  5.1988e-02,  1.8820e-02],
          [-8.3442e-02, -1.5619e-02, -3.2715e-02],
          [ 4.2964e-03,  6.5319e-02, -9.6703e-02]],

         [[-1.0500e-01, -7.5839e-02,  5.6398e-02],
          [-1.8821e-02, -5.2458e-02,  1.0036e-01],
          [ 9.7072e-02, -6.9063e-02, -1.5123e-02]],

         [[-3.8196e-02, -7.7205e-02, -3.2362e-02],
          [ 1.9511e-02,  1.2422e-01,  4.2179e-02],
          [-1.4867e-01, -4.5781e-02, -5.8954e-02]],

         ...,

         [[ 2.0757e-03, -8.4000e-02,  9.1521e-03],
          [-4.7634e-02, -3.3359e-02,  3.0689e-02],
          [ 1.5824e-02,  4.6417e-02, -6.9825e-03]],

         [[ 2.5113e-02, -3.0750e-02, -6.7982e-03],
          [-3.3869e-02, -9.4338e-03, -5.0834e-02],
          [-1.5377e-02,  1.3870e-02,  7.5921e-02]],

         [[ 8.5847e-02,  4.3495e-02, -3.4498e-02],
          [ 5.6103e-02,  1.0461e-01, -5.9164e-03],
          [ 2.3112e-04,  3.3111e-02, -7.7371e-02]]],


        [[[-6.5576e-03,  5.8740e-02, -7.3440e-02],
          [ 2.6740e-02, -3.2862e-02,  1.0140e-02],
          [-1.1047e-02, -1.0787e-02, -4.1018e-02]],

         [[ 8.5661e-02,  4.3918e-02,  3.8727e-02],
          [ 3.3847e-02,  2.2236e-02,  6.1071e-02],
          [ 6.1626e-03,  1.7313e-02,  1.1747e-01]],

         [[-5.1295e-02,  4.8433e-02, -1.2954e-03],
          [-4.4930e-02, -4.6168e-02, -4.7246e-02],
          [-5.7811e-02,  9.4491e-02,  1.0627e-02]],

         ...,

         [[-8.5736e-03, -1.3474e-01,  5.6049e-02],
          [-6.6201e-02,  5.2474e-03, -5.2713e-02],
          [ 1.8385e-02,  1.2404e-01,  9.0234e-02]],

         [[-1.0337e-01,  5.2143e-02, -3.9806e-02],
          [ 1.0488e-01, -3.5503e-02, -2.3154e-02],
          [ 2.9612e-02, -9.0718e-02, -2.4441e-02]],

         [[ 2.0694e-02, -3.4484e-02,  2.4893e-02],
          [ 4.1709e-02,  1.0019e-02,  8.5328e-02],
          [-8.9078e-03, -9.1611e-03,  3.1030e-02]]],


        [[[ 4.5455e-02,  1.0507e-02, -4.1716e-02],
          [ 4.8706e-03, -4.6057e-02, -1.3196e-01],
          [-1.0483e-01, -3.0438e-02, -4.8664e-02]],

         [[ 1.0466e-01,  7.2308e-02, -5.4617e-02],
          [ 3.2995e-02, -2.3939e-02, -6.2310e-02],
          [-2.4505e-02, -1.5265e-01, -9.7788e-02]],

         [[ 1.2135e-01,  3.4758e-02,  1.0182e-02],
          [ 1.8756e-02,  4.6809e-02, -3.6344e-03],
          [-6.8593e-03, -3.3978e-02, -8.6830e-02]],

         ...,

         [[-2.2909e-02, -3.2356e-02,  3.8004e-02],
          [ 3.6628e-02, -1.5817e-02,  6.4119e-02],
          [ 3.1594e-03,  1.9054e-02,  1.7922e-03]],

         [[ 9.2458e-02,  4.1655e-02,  3.1422e-02],
          [-6.1283e-02,  3.6757e-02,  5.7142e-02],
          [-6.1117e-02, -9.2329e-02,  3.0698e-02]],

         [[ 3.1743e-04, -2.3341e-02,  7.7590e-02],
          [ 6.5943e-02, -7.3757e-02, -6.6742e-03],
          [-1.4841e-02, -1.1954e-01, -5.7664e-02]]],


        ...,


        [[[-8.1123e-02, -1.9015e-01,  2.0755e-02],
          [-9.4104e-03, -1.3515e-02, -4.6800e-02],
          [-3.5431e-02,  4.8326e-02,  2.1942e-02]],

         [[ 3.3090e-02, -2.9289e-02, -5.7166e-02],
          [-3.8337e-02, -9.4976e-03, -1.4749e-02],
          [ 1.8181e-01,  6.8135e-02, -4.7825e-02]],

         [[ 1.1480e-02, -3.3383e-02, -6.8331e-02],
          [ 5.1023e-02,  1.7101e-02,  7.4895e-02],
          [-9.2876e-03,  8.6736e-02,  3.1715e-02]],

         ...,

         [[ 2.6342e-02, -1.5421e-02, -3.3214e-02],
          [ 3.6216e-02,  8.4888e-02, -7.7039e-02],
          [ 7.7327e-02, -1.1344e-01, -6.5061e-02]],

         [[ 2.4296e-02, -3.9553e-02, -1.3232e-01],
          [-8.6521e-02,  9.2088e-02,  1.0926e-01],
          [ 1.2836e-01,  5.7466e-03,  6.3549e-02]],

         [[-6.5312e-02,  5.8893e-02, -2.7965e-02],
          [ 4.5927e-02,  4.1880e-03,  7.5794e-02],
          [ 6.8105e-02,  2.3032e-02, -2.6606e-03]]],


        [[[-6.0622e-02,  2.9477e-02,  1.8518e-02],
          [ 3.8429e-02,  2.0236e-03,  4.2024e-02],
          [ 4.8380e-02, -7.4793e-03, -7.7112e-02]],

         [[-1.0718e-01, -1.0764e-01, -9.5974e-02],
          [ 7.8286e-02, -1.0422e-02, -5.2817e-02],
          [ 3.0305e-02, -7.6002e-02, -9.5322e-02]],

         [[ 5.3227e-02,  3.0011e-02,  8.7020e-03],
          [-5.9965e-02,  5.3597e-02,  1.2756e-02],
          [ 6.4546e-02, -9.0681e-02, -7.1139e-02]],

         ...,

         [[-1.3783e-02, -5.6185e-02, -1.0028e-01],
          [-4.7397e-02, -1.5442e-02,  1.7076e-02],
          [ 5.5181e-02, -2.6014e-02, -7.4926e-02]],

         [[ 5.4708e-02,  1.0458e-01,  3.1371e-02],
          [-9.6551e-02,  1.4481e-01, -8.5418e-02],
          [-9.3234e-02,  3.6398e-02, -1.5856e-04]],

         [[ 2.1837e-03, -2.2078e-02, -9.4242e-02],
          [-3.1774e-02,  3.1058e-02,  1.3400e-01],
          [ 1.9357e-02,  1.7036e-02, -1.4772e-01]]],


        [[[-8.0733e-02,  7.6621e-02,  5.5648e-02],
          [-1.0094e-02,  5.3257e-02, -8.5238e-02],
          [-3.6346e-02, -1.4343e-02,  2.1600e-02]],

         [[ 7.0475e-03,  2.5960e-02,  7.2430e-03],
          [-2.0295e-01,  4.4359e-02, -4.0893e-02],
          [ 3.6625e-02,  6.7384e-02,  4.0892e-02]],

         [[ 2.0875e-02, -3.6727e-03,  3.5819e-02],
          [-7.4342e-02, -7.7249e-02, -3.1916e-02],
          [-3.7799e-02,  4.0729e-02, -2.9476e-02]],

         ...,

         [[ 8.6518e-02, -7.3922e-02,  2.4596e-02],
          [-1.3808e-02, -5.9481e-03,  7.8354e-02],
          [-7.3158e-02,  4.0171e-02,  2.4828e-02]],

         [[-2.2297e-02, -6.9094e-03, -3.0867e-02],
          [ 1.3072e-01, -3.8931e-02, -5.2009e-02],
          [ 9.7153e-02, -2.4241e-02, -4.9837e-02]],

         [[-4.4398e-02,  9.4079e-02, -7.4075e-04],
          [-5.4555e-02, -9.3119e-02,  2.1685e-02],
          [-4.2304e-02,  3.2685e-02,  2.0999e-02]]]])), ('features.4.bias', tensor([-9.8935e-10,  3.0811e-09, -2.4017e-09,  6.6237e-09, -3.1261e-09,
         3.3499e-09, -5.5052e-09, -1.6063e-09, -1.2956e-08,  1.2368e-08,
        -8.9246e-09,  1.8951e-09, -1.4160e-09, -2.8542e-09,  2.6948e-09,
        -7.0620e-09,  9.1708e-10, -7.3426e-09, -1.8908e-09, -4.2754e-09,
        -2.5613e-09,  8.5207e-09, -5.7112e-09, -4.3040e-09,  1.0492e-08,
        -4.7169e-10, -7.4473e-09, -5.6738e-09, -4.4806e-09,  1.3745e-09,
         5.6209e-09, -6.2990e-09, -9.2163e-09, -2.9233e-09,  1.5961e-08,
        -4.1150e-09, -8.7313e-09, -3.1736e-09, -5.0099e-09,  4.4714e-09,
        -6.2887e-09,  7.2052e-09,  4.3742e-09,  6.0079e-09, -2.8228e-09,
        -4.6466e-09, -1.0548e-08,  6.9849e-10, -1.1539e-09, -3.5151e-09,
        -6.8893e-09,  2.0551e-11, -8.1422e-09, -1.0022e-08, -3.9365e-09,
         3.1237e-09, -2.6726e-09, -8.9380e-10, -1.2284e-08,  3.8382e-09,
        -6.1141e-10, -2.8458e-09, -7.9901e-09,  1.6462e-08])), ('features.5.weight', tensor([0.9717, 0.9707, 1.0068, 0.9929, 0.9802, 1.0163, 0.9817, 1.0080, 0.9854,
        1.0139, 0.9964, 0.9803, 0.9846, 0.9928, 0.9950, 1.0236, 0.9906, 1.0213,
        1.0246, 1.0572, 1.0182, 0.9627, 0.9884, 1.0019, 0.9845, 1.0101, 0.9993,
        0.9708, 0.9763, 0.9860, 0.9683, 0.9865, 0.9996, 1.0089, 1.0230, 0.9933,
        1.0411, 0.9834, 1.0255, 0.9915, 0.9818, 0.9931, 0.9758, 0.9934, 0.9928,
        1.0064, 1.0387, 0.9706, 0.9790, 1.0079, 0.9944, 1.0127, 0.9940, 1.0377,
        1.0190, 1.0321, 0.9855, 1.0479, 0.9982, 0.9970, 0.9932, 0.9990, 0.9807,
        1.0490])), ('features.5.bias', tensor([-0.0188, -0.0123,  0.0063, -0.0075, -0.0132, -0.0103, -0.0105, -0.0147,
        -0.0139,  0.0002,  0.0047, -0.0236, -0.0215, -0.0208, -0.0087, -0.0088,
        -0.0105, -0.0057,  0.0109,  0.0029,  0.0009, -0.0229, -0.0038, -0.0140,
        -0.0234, -0.0138, -0.0125, -0.0141, -0.0169, -0.0268, -0.0082, -0.0089,
         0.0009, -0.0122, -0.0152, -0.0069, -0.0085, -0.0160,  0.0053, -0.0098,
        -0.0220, -0.0382, -0.0080, -0.0038, -0.0092, -0.0105,  0.0103, -0.0091,
         0.0001, -0.0088,  0.0069, -0.0124, -0.0082, -0.0099,  0.0040,  0.0154,
        -0.0152,  0.0211,  0.0059, -0.0210,  0.0030, -0.0151,  0.0049, -0.0090])), ('features.5.running_mean', tensor([ 0.3508, -0.8404,  0.4685, -1.5688,  1.1083, -0.7867, -0.2758, -0.6997,
        -0.2450, -1.4966, -0.6057,  0.7320,  0.1829,  0.5841, -0.5965, -1.7238,
        -0.5332, -0.5363, -0.5595, -0.1987,  0.3381,  0.1862, -0.1419,  0.7917,
         0.4018, -0.4640, -0.5463,  0.0884, -0.9608, -0.2380,  1.1076, -0.1969,
         0.8466, -1.2847, -0.5447, -0.1930, -0.2377,  0.9310, -1.1377, -0.3839,
        -0.7193,  0.3132,  0.7849, -0.9105, -0.3749, -1.3227, -0.9202, -0.3715,
         1.2632,  1.2841,  0.8509,  0.3187, -0.1266, -0.2842, -1.6335, -0.3308,
        -0.2419, -0.3771, -0.7817,  0.0861, -1.0350, -0.3683, -0.1832,  0.1179])), ('features.5.running_var', tensor([1.0040, 0.6992, 1.0916, 1.0673, 0.8904, 0.8101, 0.8135, 1.0789, 1.1138,
        0.7751, 0.6666, 0.7610, 1.1179, 1.2683, 1.3663, 1.2279, 1.0163, 0.4076,
        0.7015, 0.7361, 0.8417, 0.7086, 0.6330, 1.0453, 0.6274, 0.5219, 0.6723,
        0.7058, 0.7924, 0.9260, 0.7102, 0.5555, 1.0421, 0.9443, 0.5772, 0.3352,
        1.1088, 0.7874, 0.6101, 0.5460, 0.7122, 0.5407, 0.7131, 0.5554, 0.6147,
        0.6731, 0.9539, 1.1536, 1.0126, 0.8619, 0.8295, 0.8582, 0.6867, 0.9321,
        0.8349, 0.5116, 0.7773, 1.1635, 0.6523, 1.1499, 0.8443, 0.5846, 0.5740,
        0.4381])), ('features.5.num_batches_tracked', tensor(501)), ('features.8.weight', tensor([[[[-1.1345e-01,  1.0967e-02, -7.6821e-03],
          [-6.3047e-02,  2.1741e-02,  2.2513e-02],
          [-6.4802e-03,  3.8065e-02, -3.2584e-02]],

         [[ 4.7830e-02, -3.7430e-02, -5.3019e-02],
          [ 4.1851e-02, -1.4401e-01,  6.8060e-02],
          [ 1.1686e-01, -2.6526e-02,  6.9776e-02]],

         [[ 6.9162e-02, -4.9815e-02, -1.5872e-01],
          [-1.3328e-02,  4.0445e-02,  2.9815e-02],
          [-3.4792e-02,  4.0628e-02, -3.8279e-03]],

         ...,

         [[ 2.8319e-02, -1.0667e-01,  8.6735e-02],
          [ 3.2115e-03, -2.2829e-02, -4.2813e-02],
          [-2.5708e-02, -1.8196e-01, -2.8102e-02]],

         [[ 2.4638e-02, -9.3692e-03,  6.3904e-02],
          [ 4.0372e-02, -4.7694e-02,  2.3510e-02],
          [ 2.4222e-03,  1.7867e-02, -3.6883e-02]],

         [[ 4.4375e-02,  3.2269e-02, -2.8342e-02],
          [-3.5078e-02, -2.8449e-02,  9.6439e-02],
          [ 6.1832e-02, -1.2263e-02,  7.9204e-03]]],


        [[[ 7.5625e-02, -5.5607e-04, -1.7228e-02],
          [ 7.3581e-02, -6.4050e-02,  5.6337e-02],
          [-9.4972e-02, -8.6709e-02,  3.3063e-02]],

         [[-6.8784e-02,  2.4556e-02, -6.8186e-02],
          [-9.5628e-03, -1.9135e-02, -6.4460e-02],
          [ 4.8026e-03, -6.9206e-02,  5.9017e-02]],

         [[-3.3724e-02,  6.4761e-03, -8.9722e-05],
          [ 4.4631e-02, -9.2410e-03,  1.4726e-02],
          [-5.7120e-02,  4.7780e-02, -5.0088e-02]],

         ...,

         [[ 6.5942e-02, -1.2930e-01,  1.8828e-02],
          [-1.5675e-02, -1.5590e-03, -4.4291e-02],
          [ 8.2573e-02, -8.7391e-02, -1.5168e-01]],

         [[-2.6226e-03,  1.5865e-02,  3.2270e-02],
          [ 3.0879e-02,  1.9078e-02, -1.4902e-02],
          [ 9.0470e-02, -5.2671e-02,  2.8442e-02]],

         [[-4.3052e-02, -3.7396e-02, -4.7496e-02],
          [-4.7035e-02, -1.9465e-02,  8.9445e-03],
          [-1.1356e-01,  6.1838e-03, -9.6954e-03]]],


        [[[ 8.3313e-02,  4.5955e-02,  2.8868e-02],
          [-1.3959e-01,  1.0108e-02, -3.6528e-02],
          [ 6.8236e-02, -3.4065e-02,  7.4774e-02]],

         [[-1.5275e-02,  4.0427e-03,  3.3579e-02],
          [-6.1189e-02,  1.9735e-03,  2.6058e-03],
          [-7.4616e-02,  1.5371e-02,  2.6642e-02]],

         [[-9.0689e-03,  3.6801e-02,  1.7933e-02],
          [ 7.2733e-02,  1.1509e-01, -2.8642e-02],
          [ 3.8592e-03,  8.5125e-02,  5.8434e-02]],

         ...,

         [[-6.5985e-02, -1.0704e-02,  9.8422e-03],
          [ 6.0814e-02,  6.8674e-02,  5.2864e-02],
          [ 2.6707e-02, -3.9772e-02, -9.9541e-02]],

         [[-1.7012e-01,  4.3868e-02,  8.4055e-02],
          [ 2.5344e-03, -5.6887e-02, -4.7356e-02],
          [ 1.8975e-02,  2.9742e-02, -8.3905e-02]],

         [[ 6.7538e-02, -1.5309e-02,  6.2776e-02],
          [-2.1500e-02,  3.2047e-02, -2.7927e-02],
          [-2.4989e-02,  4.8759e-02, -1.1964e-01]]],


        ...,


        [[[-2.1944e-02, -3.4246e-02, -3.3351e-02],
          [ 5.8103e-02, -6.0430e-02, -1.0227e-01],
          [-3.2590e-02, -7.8697e-02, -8.1937e-02]],

         [[ 2.6185e-02, -1.2762e-02,  6.8402e-02],
          [-4.6747e-02,  1.5293e-02,  6.7115e-02],
          [ 2.3120e-02,  4.8023e-02, -1.0044e-01]],

         [[ 3.7147e-04, -2.2070e-02,  7.4973e-02],
          [-1.5014e-03,  5.2736e-04,  5.0653e-02],
          [-3.8543e-02, -6.8640e-02,  1.7675e-02]],

         ...,

         [[-6.5507e-02, -1.2031e-02, -7.9438e-02],
          [-2.6342e-02, -6.8648e-02,  2.0332e-02],
          [-1.2581e-01,  4.2714e-02, -1.5109e-02]],

         [[ 5.9477e-02,  7.4694e-02,  2.6807e-02],
          [ 1.4419e-02, -6.3834e-02, -9.3833e-03],
          [ 1.0316e-01, -1.5145e-02,  6.7118e-02]],

         [[-7.4245e-02,  2.9469e-02, -2.4071e-02],
          [ 1.3938e-02,  3.2244e-02,  7.0096e-02],
          [-8.0968e-02, -8.3624e-02, -7.5426e-02]]],


        [[[ 1.0479e-02,  8.9160e-02, -3.9009e-02],
          [ 2.9810e-02,  3.7657e-02,  6.4858e-04],
          [ 9.2660e-04, -2.6258e-02, -5.8886e-02]],

         [[-1.1091e-01, -4.5665e-02,  5.2248e-02],
          [ 6.6307e-03,  8.9669e-02,  2.7359e-02],
          [ 5.0344e-02, -2.1347e-02,  6.2845e-02]],

         [[-7.4808e-02,  1.9413e-02, -5.5963e-02],
          [-3.6271e-02, -5.7891e-03,  3.9614e-02],
          [ 8.1668e-02,  2.1579e-02,  3.4100e-02]],

         ...,

         [[-4.0114e-02, -4.2991e-03, -2.6485e-02],
          [ 2.3892e-02, -2.1771e-02,  1.5021e-03],
          [ 1.0267e-02,  7.5211e-02,  4.8469e-02]],

         [[ 1.3586e-02, -2.1930e-02, -5.1914e-02],
          [ 1.3140e-02, -4.5791e-02,  3.6708e-02],
          [-4.1830e-03,  6.2411e-02,  7.5243e-03]],

         [[-4.3971e-02, -1.5410e-02,  3.2433e-03],
          [-5.4976e-02,  2.4873e-02, -7.7220e-02],
          [ 2.6101e-02, -3.4524e-02, -5.3591e-02]]],


        [[[ 5.1117e-02,  4.2981e-02, -1.0558e-02],
          [-3.7590e-02, -6.4685e-03,  5.9702e-03],
          [ 4.2684e-02, -1.6452e-01, -4.5671e-02]],

         [[ 7.8393e-02,  1.6522e-02, -3.3578e-02],
          [-9.3646e-03, -7.6916e-02,  9.3713e-02],
          [ 1.8034e-04, -6.6774e-03,  5.9576e-02]],

         [[-6.0362e-02, -1.3582e-02,  1.9811e-02],
          [-6.0809e-02,  7.2062e-02, -1.0193e-01],
          [-2.4823e-03,  6.7715e-02,  2.1406e-02]],

         ...,

         [[ 8.0345e-02, -8.8765e-02,  4.6987e-02],
          [ 5.5797e-02, -4.1578e-02,  6.7016e-02],
          [ 7.3123e-02,  3.9596e-02, -6.6752e-02]],

         [[ 1.3975e-02, -5.3768e-02, -7.9399e-02],
          [-9.2862e-02, -3.4544e-02, -1.1888e-02],
          [-6.3071e-02, -9.0341e-02, -6.4401e-02]],

         [[-2.1749e-02,  1.0779e-01, -5.3546e-02],
          [-1.5146e-02,  3.1555e-02, -9.4092e-03],
          [-2.1271e-02,  7.4138e-02, -1.9741e-02]]]])), ('features.8.bias', tensor([-2.7825e-09, -1.5917e-10,  3.8127e-09,  6.5168e-10, -2.0981e-10,
         5.0328e-09, -2.0570e-09, -1.7519e-09,  7.7244e-09,  3.7784e-09,
         3.6492e-09, -1.3578e-10, -2.0132e-09, -2.9616e-09,  3.0877e-09,
         6.1558e-09,  1.4368e-09, -3.0566e-09,  1.1563e-09, -8.8691e-09,
         1.2025e-09,  9.0976e-10,  4.4931e-09, -1.7270e-09, -3.5634e-09,
        -9.3491e-10,  1.1307e-09, -1.8619e-09,  2.4878e-09,  1.5608e-09,
        -2.2574e-09,  1.9203e-09, -1.6603e-09,  3.0880e-09, -2.9063e-09,
        -1.8172e-09,  9.1443e-09, -3.5592e-09,  1.2260e-09, -2.0559e-09,
        -1.7286e-09,  6.9197e-09, -3.6242e-09, -3.4089e-09,  8.9576e-10,
        -2.3492e-10,  2.3655e-09, -3.6827e-09, -5.8109e-09,  3.5110e-10,
         9.9907e-10,  3.2931e-09,  1.0027e-09,  1.4756e-09, -2.7576e-09,
         4.3742e-09, -6.1455e-10, -5.6839e-10,  5.5621e-09, -1.8383e-09,
         2.8626e-09,  2.3873e-09, -5.4772e-10,  1.1649e-09])), ('features.9.weight', tensor([0.9976, 0.9734, 0.9910, 0.9877, 1.0028, 1.0200, 0.9986, 0.9732, 1.0194,
        0.9884, 1.0103, 0.9922, 0.9959, 0.9836, 0.9931, 0.9932, 0.9944, 1.0093,
        0.9993, 1.0046, 1.0079, 1.0132, 0.9780, 1.0158, 0.9546, 1.0014, 1.0079,
        0.9894, 0.9988, 0.9990, 1.0118, 0.9964, 1.0051, 0.9867, 0.9939, 0.9968,
        1.0217, 0.9911, 1.0040, 0.9799, 0.9985, 0.9834, 0.9871, 0.9948, 0.9999,
        1.0151, 1.0125, 0.9671, 1.0010, 0.9795, 0.9921, 0.9989, 0.9967, 0.9934,
        1.0246, 0.9889, 0.9758, 1.0074, 0.9983, 1.0009, 1.0014, 0.9787, 0.9807,
        0.9799])), ('features.9.bias', tensor([-0.0203, -0.0330, -0.0374, -0.0343, -0.0166, -0.0335, -0.0317, -0.0381,
        -0.0291, -0.0387, -0.0205, -0.0529, -0.0290, -0.0309, -0.0355, -0.0276,
        -0.0209, -0.0279, -0.0266, -0.0307, -0.0188, -0.0306, -0.0407, -0.0405,
        -0.0448, -0.0300, -0.0336, -0.0403, -0.0323, -0.0422, -0.0278, -0.0338,
        -0.0059, -0.0355, -0.0298, -0.0221, -0.0073, -0.0421, -0.0285, -0.0298,
        -0.0269, -0.0570, -0.0378, -0.0253, -0.0406, -0.0271, -0.0117, -0.0372,
        -0.0267, -0.0389, -0.0329, -0.0395, -0.0323, -0.0350, -0.0227, -0.0243,
        -0.0433, -0.0212, -0.0387, -0.0522, -0.0313, -0.0471, -0.0340, -0.0428])), ('features.9.running_mean', tensor([-0.5372,  0.0139,  0.8559, -2.1031, -0.1074, -0.4533,  0.3845, -0.8809,
        -0.4576, -2.2693,  0.8307, -0.2159, -0.7763,  0.7314,  0.5228, -0.1021,
        -1.3829, -1.3030, -1.5655, -0.8788, -1.0830, -1.8808, -0.9034,  0.8946,
         1.7376, -1.2506, -0.7957,  1.0580, -0.7705, -0.9026,  1.1213, -0.4941,
         0.5832,  0.0559, -0.4945,  1.1082, -0.1005, -0.8959, -0.5049, -0.3622,
        -0.1144, -0.2666,  1.5780, -0.5502, -0.1422,  0.0226,  0.5697,  1.1897,
        -0.8142,  0.8226,  1.0048, -1.7444,  0.3465, -0.8395, -0.5523, -0.0057,
         0.3969,  0.8739,  0.9169, -1.3017, -0.8631, -1.3153,  0.8518, -0.5696])), ('features.9.running_var', tensor([1.5567, 0.7363, 1.1905, 1.2656, 1.3598, 1.0971, 1.1653, 0.7955, 1.5930,
        1.0859, 1.0691, 1.0161, 0.9940, 1.1939, 1.0019, 1.2667, 1.3732, 1.2707,
        1.2547, 0.9576, 1.8461, 1.6394, 1.2059, 0.9063, 1.4285, 0.9201, 1.4763,
        1.0484, 1.4845, 1.2714, 1.2230, 1.5530, 1.0575, 0.9886, 1.2322, 0.8481,
        0.8495, 1.2311, 1.8267, 1.1634, 1.1513, 1.1655, 1.2036, 0.8944, 1.2626,
        0.7332, 1.1330, 1.2761, 0.7381, 1.1242, 1.1746, 1.3239, 0.9590, 1.1997,
        1.4718, 1.1195, 1.0529, 0.7915, 0.8394, 1.3879, 1.2811, 1.1098, 1.0934,
        1.1583])), ('features.9.num_batches_tracked', tensor(501)), ('denses.0.weight', tensor([[ 0.0187,  0.0069,  0.0033,  ..., -0.0090, -0.0070,  0.0145],
        [ 0.0022, -0.0106, -0.0018,  ..., -0.0024,  0.0111,  0.0046],
        [ 0.0004, -0.0024,  0.0070,  ..., -0.0021, -0.0141,  0.0091],
        ...,
        [ 0.0099,  0.0074, -0.0078,  ..., -0.0042,  0.0244, -0.0048],
        [-0.0063, -0.0009, -0.0041,  ...,  0.0057,  0.0106, -0.0063],
        [-0.0028,  0.0216,  0.0036,  ..., -0.0077, -0.0092,  0.0027]])), ('denses.0.bias', tensor([ 2.9537e-04, -1.7127e-03,  1.1129e-03, -1.3103e-03,  4.9434e-04,
         2.2496e-04,  8.7271e-04, -1.0135e-03, -1.6795e-03,  1.4272e-03,
        -1.5452e-03, -1.6265e-04, -9.9633e-05, -1.8971e-03, -5.0032e-04,
        -9.0664e-04, -6.0307e-03,  6.5928e-04, -9.9176e-04,  6.1613e-05,
         1.0439e-04, -1.9813e-03, -2.7806e-03,  3.0077e-03,  3.5319e-05,
        -3.1862e-03,  6.1949e-04, -4.5382e-04,  9.3074e-04,  1.9761e-03,
         2.0946e-03,  1.2654e-03,  1.3922e-03, -8.3505e-04, -1.7428e-04,
         3.6754e-04,  2.2649e-03, -5.6508e-04,  2.5301e-03, -4.1148e-04,
         1.2595e-03,  4.0753e-03,  4.3071e-04, -2.3516e-03,  2.8582e-03,
        -4.0872e-03, -2.0648e-03, -8.0210e-04,  6.1123e-04, -1.9666e-03,
         6.4353e-05,  1.1072e-03,  6.5271e-04,  9.4644e-04, -5.7483e-04,
         4.3964e-03,  1.3396e-03, -8.5201e-04,  9.7300e-04,  6.2385e-04,
         2.4195e-03, -1.0927e-03, -8.7932e-04,  1.4289e-03,  8.4125e-04,
         4.4145e-04,  1.7780e-03, -9.9225e-04,  1.1739e-04,  8.3515e-04,
        -6.9198e-04,  1.2262e-03, -2.1347e-03, -2.2410e-03,  1.0377e-03,
         5.9552e-04,  5.1235e-03, -6.7784e-04,  1.8837e-04,  1.1597e-03,
         5.5352e-03, -6.3585e-04, -2.0885e-04, -1.1552e-03, -1.3491e-03,
        -3.8765e-04,  1.8809e-03,  7.6824e-04, -4.5038e-03,  6.2080e-03,
        -2.0223e-03,  1.8970e-03,  1.9719e-03,  1.0908e-03,  3.4952e-03,
         1.2470e-04, -7.9774e-05,  1.3155e-03,  9.8746e-04,  1.0865e-04,
         1.6405e-03, -1.5692e-03,  3.9971e-04,  2.0741e-03,  1.5211e-03,
         3.1968e-03,  1.4740e-03, -2.2127e-03, -8.1874e-04, -4.6643e-05,
        -2.8365e-03, -1.7267e-03,  3.7967e-04,  4.8597e-03, -2.3744e-03,
         8.7743e-04,  7.0451e-04, -1.8393e-04, -3.5178e-03, -1.3148e-03,
        -2.1139e-03, -2.2269e-03, -1.9228e-03,  9.5224e-05, -2.1055e-03,
         1.0032e-03,  3.8448e-04, -1.4139e-03])), ('denses.1.weight', tensor([[ 0.0117,  0.0271, -0.0262,  ..., -0.0579, -0.0069,  0.0157],
        [-0.0899, -0.0372, -0.0670,  ...,  0.0086, -0.0244, -0.0050],
        [-0.0199,  0.0058,  0.0224,  ..., -0.0512,  0.0348,  0.0441],
        ...,
        [ 0.0604,  0.0368,  0.0515,  ..., -0.0108,  0.0205, -0.0186],
        [-0.0283, -0.0813, -0.0727,  ..., -0.0100, -0.0516, -0.0161],
        [-0.0529, -0.0056, -0.0038,  ...,  0.0186,  0.0694, -0.1429]])), ('denses.1.bias', tensor([-0.0370, -0.0186,  0.0327,  0.0643,  0.0479, -0.0331, -0.0475,  0.0121,
        -0.0486,  0.0280]))]), 16666.666666666668)