(OrderedDict([('features.0.weight', tensor([[[[ 0.0426, -0.0720,  0.0371],
          [ 0.0266, -0.0078, -0.0581],
          [-0.0867, -0.0282, -0.0249]],

         [[-0.0146, -0.1438,  0.0618],
          [-0.1032,  0.0232, -0.1381],
          [-0.0605, -0.0492, -0.1090]],

         [[ 0.0304, -0.1677,  0.1100],
          [ 0.0045, -0.0781,  0.0753],
          [-0.0263, -0.1884, -0.0179]]],


        [[[-0.1246, -0.0115, -0.0174],
          [-0.0948, -0.0247,  0.1073],
          [-0.0115,  0.0713,  0.1499]],

         [[ 0.1387,  0.0134,  0.0502],
          [-0.0023,  0.1139,  0.0048],
          [ 0.0780, -0.0570, -0.0084]],

         [[-0.0453,  0.0527,  0.0541],
          [ 0.1637,  0.0243,  0.0354],
          [-0.0297,  0.0270, -0.1040]]],


        [[[-0.0470, -0.2340, -0.0223],
          [ 0.1236, -0.0472,  0.0514],
          [-0.0206,  0.1735,  0.0947]],

         [[-0.1065, -0.0834, -0.1698],
          [-0.0102, -0.0587, -0.1091],
          [ 0.2549,  0.1673,  0.0513]],

         [[-0.0273,  0.0766, -0.0838],
          [-0.0423, -0.0601,  0.0833],
          [ 0.0546, -0.0422,  0.0788]]],


        [[[-0.2067, -0.0061, -0.1719],
          [-0.0313,  0.0640, -0.0729],
          [ 0.0442, -0.1628, -0.0290]],

         [[-0.0584, -0.0335, -0.0194],
          [-0.0294,  0.1083,  0.0981],
          [ 0.0068,  0.0702, -0.0140]],

         [[ 0.1179,  0.0715, -0.0120],
          [ 0.1010,  0.0397,  0.0709],
          [-0.0623,  0.0344,  0.0968]]],


        [[[ 0.2580, -0.0342,  0.0065],
          [-0.0545, -0.1232,  0.1551],
          [ 0.0259, -0.0484, -0.1346]],

         [[ 0.0614, -0.1291,  0.0798],
          [-0.0861, -0.1853,  0.0280],
          [ 0.0296,  0.0557,  0.0388]],

         [[-0.0655, -0.1492,  0.0887],
          [ 0.0294, -0.0068,  0.1487],
          [-0.0621,  0.1695, -0.0445]]],


        [[[-0.1688, -0.0223,  0.0382],
          [-0.2160,  0.0167,  0.0046],
          [-0.0149, -0.1637,  0.0110]],

         [[ 0.0604, -0.1280, -0.1084],
          [ 0.1290, -0.0969,  0.0157],
          [-0.0856,  0.0030, -0.0604]],

         [[ 0.0052,  0.0105,  0.0143],
          [ 0.2351,  0.1512,  0.1127],
          [ 0.1089,  0.0556,  0.0687]]],


        [[[ 0.0187,  0.0529, -0.0066],
          [ 0.0563,  0.0646,  0.0124],
          [ 0.0755, -0.0112,  0.1449]],

         [[-0.1076, -0.0309, -0.0417],
          [-0.0809, -0.1326, -0.1940],
          [-0.2123, -0.1179,  0.1016]],

         [[ 0.0913,  0.1162,  0.0464],
          [-0.0130, -0.0090, -0.0114],
          [-0.0672, -0.0662,  0.0108]]],


        [[[ 0.0626, -0.0126,  0.1053],
          [-0.0055,  0.1668,  0.0611],
          [ 0.1177, -0.0567, -0.1577]],

         [[ 0.0481, -0.1502, -0.0804],
          [-0.0715, -0.1018, -0.2156],
          [ 0.1505, -0.0063, -0.1040]],

         [[-0.1348,  0.0009,  0.1348],
          [-0.0139,  0.0476, -0.0856],
          [ 0.0546, -0.0105, -0.0180]]],


        [[[-0.1910,  0.0474,  0.0967],
          [-0.0637, -0.0480,  0.0934],
          [ 0.0490,  0.0627, -0.0341]],

         [[-0.0062, -0.1039,  0.1527],
          [-0.0676,  0.0071, -0.0117],
          [ 0.0129,  0.1756,  0.0817]],

         [[-0.1206,  0.0272,  0.0252],
          [-0.0186,  0.0721,  0.0795],
          [-0.0088,  0.0368,  0.0277]]],


        [[[ 0.1331,  0.2272,  0.0642],
          [ 0.1348,  0.0209,  0.1485],
          [-0.0119,  0.0981, -0.0017]],

         [[ 0.0128, -0.0768, -0.1243],
          [-0.0276,  0.0389,  0.0435],
          [-0.1707, -0.1545, -0.1315]],

         [[-0.0391, -0.0694,  0.0225],
          [-0.0376, -0.0399, -0.1165],
          [ 0.1858,  0.0102,  0.0522]]],


        [[[-0.1299,  0.0370,  0.0561],
          [-0.0326, -0.0653,  0.0739],
          [ 0.0102, -0.0981,  0.1421]],

         [[ 0.1037, -0.2107, -0.1567],
          [ 0.0992, -0.0122, -0.1022],
          [-0.1140,  0.1339,  0.0762]],

         [[-0.1116, -0.1748,  0.0660],
          [-0.0502,  0.0211,  0.1012],
          [-0.1742, -0.0811, -0.0515]]],


        [[[-0.0314,  0.0814,  0.0297],
          [ 0.0327,  0.0732,  0.0865],
          [ 0.0391, -0.0405,  0.0486]],

         [[-0.0649,  0.0222, -0.0276],
          [ 0.0660, -0.0660, -0.0068],
          [-0.0214,  0.0099, -0.0974]],

         [[ 0.0727,  0.0654,  0.1770],
          [ 0.1205, -0.0689,  0.0295],
          [ 0.0737,  0.2248, -0.0787]]],


        [[[ 0.0151,  0.0515, -0.0393],
          [-0.1323, -0.0771, -0.0223],
          [-0.0766,  0.0579, -0.0336]],

         [[ 0.0378,  0.0688,  0.0538],
          [-0.1281, -0.1460, -0.0148],
          [-0.0676, -0.0274,  0.0253]],

         [[ 0.0358,  0.1830, -0.0692],
          [-0.1431, -0.0456, -0.1481],
          [-0.0782, -0.0502, -0.1550]]],


        [[[-0.0216,  0.1430,  0.1297],
          [-0.0518, -0.0499,  0.0597],
          [-0.0462, -0.1466, -0.0236]],

         [[ 0.1245,  0.1298, -0.0591],
          [ 0.1491,  0.0729, -0.0412],
          [-0.1934, -0.0614, -0.0082]],

         [[ 0.1292, -0.0164,  0.0818],
          [-0.0128,  0.0386, -0.1470],
          [-0.0168, -0.0017,  0.0206]]],


        [[[-0.0019,  0.0587,  0.1897],
          [-0.0636, -0.0543,  0.1603],
          [-0.0920, -0.0119, -0.1596]],

         [[-0.1195,  0.1036,  0.0214],
          [-0.0847,  0.0345, -0.0252],
          [-0.1395, -0.0853, -0.0249]],

         [[ 0.1438,  0.0777,  0.0942],
          [ 0.0176, -0.0524,  0.0079],
          [-0.0123, -0.1462,  0.0556]]],


        [[[ 0.0809,  0.0884, -0.0114],
          [ 0.0005, -0.0085,  0.0495],
          [-0.0147, -0.0054,  0.0606]],

         [[ 0.0881,  0.1996, -0.1151],
          [ 0.0030,  0.1296,  0.0305],
          [-0.0747,  0.0891,  0.1577]],

         [[-0.0126, -0.0470, -0.0572],
          [ 0.0254, -0.0965, -0.0420],
          [-0.0477, -0.0973, -0.0232]]],


        [[[-0.1256, -0.1427,  0.1002],
          [ 0.0284, -0.0330,  0.0307],
          [ 0.1361, -0.0010,  0.0189]],

         [[ 0.0536, -0.1165, -0.1664],
          [ 0.0058,  0.0418,  0.0265],
          [ 0.0296,  0.1689,  0.0672]],

         [[-0.0529, -0.0816,  0.0916],
          [-0.1097, -0.0097, -0.2065],
          [-0.0748,  0.0832,  0.0239]]],


        [[[-0.2448, -0.0983,  0.1114],
          [ 0.0078,  0.0508, -0.0960],
          [ 0.0326,  0.0325,  0.0031]],

         [[-0.0093,  0.0005, -0.1134],
          [-0.0702, -0.1153,  0.0175],
          [-0.0449, -0.1504, -0.0621]],

         [[-0.0099,  0.1905,  0.0415],
          [-0.0250, -0.0480, -0.0056],
          [-0.0273,  0.0162,  0.0959]]],


        [[[-0.0886, -0.0164,  0.2022],
          [ 0.0256,  0.0014,  0.0555],
          [ 0.0062,  0.0063, -0.0294]],

         [[-0.2584, -0.0805,  0.1531],
          [-0.0262, -0.0491,  0.0918],
          [-0.1045,  0.1229,  0.0130]],

         [[-0.0921, -0.0323,  0.2537],
          [-0.1406, -0.1439,  0.1292],
          [ 0.0334,  0.0613, -0.0161]]],


        [[[ 0.0735, -0.0872,  0.1025],
          [ 0.0390, -0.1382,  0.0268],
          [ 0.0724, -0.0995,  0.0100]],

         [[-0.0047, -0.0898,  0.1113],
          [-0.0129,  0.0279,  0.0865],
          [ 0.0847, -0.1753, -0.0754]],

         [[ 0.0871,  0.0098,  0.1190],
          [ 0.2623,  0.0889,  0.0553],
          [ 0.0972, -0.0549, -0.0256]]],


        [[[ 0.0965, -0.1176,  0.0901],
          [ 0.1760,  0.0502, -0.1386],
          [ 0.1002, -0.0722,  0.0601]],

         [[ 0.0416, -0.0559,  0.1141],
          [ 0.1007,  0.1318,  0.0298],
          [ 0.0086, -0.1898,  0.0742]],

         [[-0.0072,  0.0494,  0.0906],
          [ 0.1566, -0.0711, -0.0136],
          [ 0.0517, -0.0596,  0.0703]]],


        [[[-0.0832,  0.0462,  0.1482],
          [ 0.0441,  0.0483,  0.1028],
          [ 0.0845, -0.0026,  0.0709]],

         [[ 0.0903,  0.0792,  0.0395],
          [-0.0439,  0.0410, -0.0016],
          [-0.1384, -0.0698, -0.0606]],

         [[-0.0080,  0.1237,  0.0440],
          [-0.0013, -0.0736, -0.0475],
          [ 0.1157, -0.0029,  0.0699]]],


        [[[ 0.2154, -0.0429, -0.0352],
          [ 0.0531,  0.0656,  0.0582],
          [ 0.0050,  0.0185,  0.0380]],

         [[ 0.0081, -0.0425, -0.0371],
          [-0.0259, -0.1228, -0.0824],
          [ 0.1483, -0.0224, -0.1630]],

         [[ 0.0379, -0.0259, -0.0582],
          [ 0.1073,  0.0520, -0.0658],
          [ 0.0441,  0.0560,  0.0235]]],


        [[[ 0.0571,  0.1268, -0.0170],
          [ 0.0249,  0.0028,  0.0539],
          [ 0.0294,  0.1133,  0.0659]],

         [[-0.0721,  0.1263, -0.0561],
          [ 0.0010,  0.1327,  0.0356],
          [ 0.0845,  0.0068,  0.0944]],

         [[-0.0395, -0.0079,  0.0139],
          [ 0.1304, -0.0620, -0.0270],
          [-0.0452,  0.0144, -0.0106]]],


        [[[ 0.1617,  0.0486, -0.0708],
          [-0.0491, -0.0547, -0.0488],
          [ 0.0405, -0.1331, -0.0197]],

         [[-0.0316,  0.0152,  0.0645],
          [ 0.0266, -0.0705,  0.0363],
          [-0.0549,  0.0966, -0.1051]],

         [[-0.0057,  0.0147,  0.1213],
          [ 0.0211,  0.0992, -0.1011],
          [ 0.0739,  0.0803,  0.1136]]],


        [[[ 0.0260, -0.0553, -0.2332],
          [-0.0816,  0.0669, -0.0413],
          [ 0.0464, -0.0985, -0.0237]],

         [[-0.0346, -0.0305,  0.0244],
          [-0.1231,  0.0540,  0.0190],
          [ 0.0718, -0.0141,  0.0755]],

         [[-0.0020, -0.0276,  0.1347],
          [ 0.0830, -0.0454,  0.0278],
          [ 0.1432,  0.1542,  0.1441]]],


        [[[-0.0589,  0.0775, -0.1123],
          [-0.0144, -0.1167,  0.0302],
          [-0.0807, -0.1025,  0.0042]],

         [[-0.0047, -0.0021,  0.0729],
          [-0.1825, -0.1387, -0.0788],
          [ 0.0220,  0.0353, -0.1161]],

         [[ 0.0426, -0.0506, -0.1629],
          [-0.0518, -0.0994,  0.0248],
          [ 0.0082,  0.0548,  0.1173]]],


        [[[-0.0149, -0.0686, -0.0849],
          [ 0.1285, -0.0625, -0.0341],
          [-0.0955,  0.0909, -0.1386]],

         [[ 0.0815,  0.0361,  0.0212],
          [ 0.0530,  0.1018, -0.0270],
          [ 0.0639,  0.0804, -0.2713]],

         [[ 0.0181,  0.1615, -0.1980],
          [ 0.0017, -0.1617, -0.0437],
          [ 0.1102, -0.0344, -0.0660]]],


        [[[-0.0619,  0.0024,  0.0010],
          [ 0.0435,  0.1169, -0.0799],
          [ 0.0463,  0.0577,  0.0170]],

         [[-0.0243,  0.0061,  0.1212],
          [-0.0012, -0.0814,  0.1215],
          [-0.1531,  0.0761,  0.0023]],

         [[ 0.0662,  0.0766,  0.0287],
          [ 0.1764, -0.0120, -0.0333],
          [-0.0121,  0.0019,  0.1306]]],


        [[[-0.0379,  0.0900, -0.0450],
          [ 0.0543,  0.0391, -0.0719],
          [-0.2394, -0.0220,  0.0507]],

         [[ 0.0590,  0.1555, -0.0568],
          [-0.0069, -0.0327, -0.0978],
          [-0.1273, -0.0771, -0.1664]],

         [[ 0.0725,  0.0446, -0.0041],
          [ 0.0412, -0.1050,  0.1230],
          [-0.1416,  0.0489, -0.0168]]],


        [[[-0.0631, -0.0300,  0.1246],
          [-0.1291, -0.0177, -0.0978],
          [ 0.0693,  0.2133,  0.0442]],

         [[-0.0154, -0.0636, -0.1660],
          [-0.0999, -0.0472, -0.1387],
          [ 0.1114,  0.0344,  0.0761]],

         [[-0.0769,  0.0769, -0.0950],
          [ 0.0478, -0.0442,  0.0675],
          [ 0.0144,  0.0105,  0.1505]]],


        [[[-0.0423, -0.0955,  0.1395],
          [-0.1441,  0.0389, -0.1399],
          [-0.0505, -0.0066, -0.0291]],

         [[-0.0198,  0.0271, -0.0917],
          [-0.1231, -0.1783, -0.0092],
          [ 0.0368, -0.0335, -0.1049]],

         [[ 0.1505,  0.0681, -0.0327],
          [-0.1157,  0.0788,  0.0143],
          [-0.0023,  0.0679, -0.0194]]]])), ('features.0.bias', tensor([-2.8971e-09, -6.0311e-10,  5.3708e-09,  2.0662e-09,  4.2759e-08,
        -5.2224e-10,  1.3395e-09, -7.8246e-09,  1.3355e-08, -2.3357e-08,
        -4.3557e-09,  6.1658e-09, -3.7916e-09,  3.6552e-09,  2.0583e-09,
         7.0829e-09,  1.2285e-08,  2.3228e-09,  3.3877e-08, -7.7368e-09,
         1.5403e-09, -1.0308e-08,  2.6661e-09,  3.3260e-09, -9.0690e-09,
        -2.0329e-08, -1.6239e-09, -1.5290e-08, -6.1199e-10,  4.2321e-09,
        -1.5293e-08, -1.9762e-09])), ('features.1.weight', tensor([0.9948, 0.9969, 1.0051, 1.0043, 1.0055, 1.0287, 0.9939, 0.9999, 0.9976,
        1.0266, 1.0022, 1.0069, 0.9743, 1.0037, 0.9814, 1.0015, 0.9934, 0.9913,
        1.0267, 1.0118, 0.9946, 1.0033, 0.9951, 1.0071, 0.9931, 1.0002, 0.9920,
        0.9956, 0.9814, 0.9884, 1.0104, 0.9904])), ('features.1.bias', tensor([-0.0054, -0.0027,  0.0173,  0.0072,  0.0276,  0.0486, -0.0074,  0.0094,
         0.0226, -0.0251,  0.0077,  0.0041, -0.0183, -0.0071, -0.0094,  0.0107,
         0.0245,  0.0055,  0.0070,  0.0052,  0.0067,  0.0014, -0.0137,  0.0082,
        -0.0137, -0.0172,  0.0037,  0.0127, -0.0272, -0.0121,  0.0105, -0.0243])), ('features.1.running_mean', tensor([ 0.2801, -0.1595,  0.0015,  0.0128, -0.0121,  0.0045,  0.0982,  0.1196,
        -0.1007, -0.0798,  0.1682, -0.2040,  0.2681, -0.0045,  0.0390, -0.0824,
         0.0368,  0.1403,  0.0019, -0.1502, -0.2038, -0.1725, -0.0657, -0.2245,
        -0.0860, -0.0601,  0.2579,  0.0670, -0.1788,  0.1104,  0.0116,  0.1748])), ('features.1.running_var', tensor([1.3482, 0.4468, 0.5542, 0.1964, 0.1102, 0.2792, 0.2561, 0.3599, 0.4137,
        0.3023, 0.6290, 0.7612, 1.4216, 0.3150, 0.4475, 0.2162, 0.2467, 0.3882,
        0.4669, 0.6937, 0.8668, 0.6005, 0.2768, 0.8686, 0.2082, 0.3072, 1.1388,
        0.3957, 0.5677, 0.4691, 0.2927, 0.5935])), ('features.1.num_batches_tracked', tensor(167)), ('features.4.weight', tensor([[[[ 4.0733e-02,  5.7246e-02,  3.0029e-02],
          [-7.7535e-02, -8.2086e-03, -2.0421e-02],
          [ 5.4421e-03,  6.9988e-02, -8.8907e-02]],

         [[-1.0430e-01, -7.2383e-02,  5.6106e-02],
          [-2.3106e-02, -5.9268e-02,  9.4309e-02],
          [ 9.9445e-02, -6.7966e-02, -1.5528e-02]],

         [[-4.1141e-02, -8.8452e-02, -3.5652e-02],
          [ 8.8838e-03,  1.0891e-01,  3.3763e-02],
          [-1.4914e-01, -4.6696e-02, -5.8411e-02]],

         ...,

         [[ 3.9912e-03, -6.9085e-02,  2.5410e-02],
          [-4.5645e-02, -2.1439e-02,  3.9217e-02],
          [ 1.7114e-02,  5.3513e-02, -6.9977e-03]],

         [[ 1.8898e-02, -3.8865e-02, -1.3410e-02],
          [-3.9112e-02, -1.5454e-02, -5.5799e-02],
          [-1.3111e-02,  1.8635e-02,  7.8518e-02]],

         [[ 9.1237e-02,  5.4503e-02, -2.2300e-02],
          [ 6.0396e-02,  1.1423e-01,  4.2081e-03],
          [ 6.0974e-03,  4.3250e-02, -6.8212e-02]]],


        [[[ 8.8227e-03,  7.5140e-02, -6.3104e-02],
          [ 3.2825e-02, -2.1560e-02,  1.7558e-02],
          [-1.2722e-02, -5.6355e-03, -3.9459e-02]],

         [[ 8.5458e-02,  3.9784e-02,  3.8733e-02],
          [ 3.7520e-02,  1.7917e-02,  5.9387e-02],
          [ 2.5961e-03,  5.9167e-03,  1.0847e-01]],

         [[-4.3153e-02,  5.4542e-02,  3.4929e-03],
          [-2.3344e-02, -3.9220e-02, -4.9517e-02],
          [-5.7135e-02,  9.8996e-02,  1.3007e-02]],

         ...,

         [[ 1.8909e-04, -1.2539e-01,  5.8296e-02],
          [-6.4202e-02,  4.5479e-03, -5.0445e-02],
          [ 1.0781e-02,  1.1616e-01,  8.8738e-02]],

         [[-9.1053e-02,  6.2246e-02, -3.1550e-02],
          [ 1.2351e-01, -2.8545e-02, -2.2367e-02],
          [ 3.6310e-02, -8.2218e-02, -1.4303e-02]],

         [[ 3.0482e-02, -2.0611e-02,  3.3399e-02],
          [ 5.0810e-02,  1.9165e-02,  9.3244e-02],
          [-2.6473e-03,  1.4273e-03,  4.3319e-02]]],


        [[[ 4.9674e-02,  1.0501e-02, -4.3389e-02],
          [ 1.0652e-02, -4.0166e-02, -1.2574e-01],
          [-1.0502e-01, -3.1837e-02, -4.1427e-02]],

         [[ 9.5946e-02,  7.1295e-02, -6.1069e-02],
          [ 4.5644e-02, -9.7166e-03, -5.2605e-02],
          [-4.3721e-03, -1.3626e-01, -8.9536e-02]],

         [[ 9.0914e-02, -2.9129e-03, -1.6604e-02],
          [ 8.6772e-03,  3.2756e-02, -1.7549e-02],
          [-4.1348e-03, -2.3869e-02, -8.4268e-02]],

         ...,

         [[-3.0890e-02, -3.8109e-02,  4.5359e-02],
          [ 3.3732e-02, -2.4775e-02,  6.7470e-02],
          [ 1.3734e-03,  1.5621e-02,  1.3410e-02]],

         [[ 7.4332e-02,  2.0586e-02,  1.5956e-02],
          [-5.1102e-02,  4.5255e-02,  6.1440e-02],
          [-4.8523e-02, -7.4271e-02,  4.0134e-02]],

         [[ 9.9053e-03, -1.8624e-02,  8.1689e-02],
          [ 6.5893e-02, -7.4306e-02, -5.1366e-03],
          [-1.2874e-02, -1.1817e-01, -4.7643e-02]]],


        ...,


        [[[-7.6094e-02, -1.9242e-01,  1.2395e-02],
          [-2.6073e-03, -1.3593e-02, -4.8641e-02],
          [-3.0150e-02,  4.7224e-02,  2.4273e-02]],

         [[ 4.4202e-02, -1.2546e-02, -5.1494e-02],
          [-4.1622e-02, -1.4320e-02, -3.5553e-02],
          [ 1.6753e-01,  5.2483e-02, -6.2443e-02]],

         [[ 1.2996e-02, -3.3254e-02, -7.2560e-02],
          [ 5.0026e-02,  1.3454e-02,  5.6369e-02],
          [-8.4456e-03,  8.6775e-02,  3.9500e-02]],

         ...,

         [[ 3.7596e-02, -1.6330e-02, -3.7287e-02],
          [ 2.7492e-02,  7.5329e-02, -7.5856e-02],
          [ 7.1762e-02, -1.1921e-01, -6.8193e-02]],

         [[ 2.3794e-02, -3.8154e-02, -1.3688e-01],
          [-1.0565e-01,  7.2145e-02,  7.7843e-02],
          [ 1.3208e-01,  9.3109e-03,  8.2043e-02]],

         [[-6.0010e-02,  5.5198e-02, -3.4599e-02],
          [ 5.2197e-02,  4.7144e-03,  8.1911e-02],
          [ 7.2743e-02,  2.6420e-02,  3.9456e-03]]],


        [[[-5.7492e-02,  2.9227e-02,  1.1740e-02],
          [ 3.1182e-02,  1.1642e-03,  3.4620e-02],
          [ 3.9682e-02, -3.2559e-03, -8.3773e-02]],

         [[-1.0303e-01, -8.2997e-02, -8.0889e-02],
          [ 9.4934e-02,  5.7161e-03, -5.4777e-02],
          [ 3.5660e-02, -7.5152e-02, -9.7089e-02]],

         [[ 2.4533e-02,  1.7606e-03, -1.2321e-02],
          [-4.4777e-02,  4.7401e-02,  2.7969e-03],
          [ 6.4278e-02, -9.4955e-02, -6.7250e-02]],

         ...,

         [[-1.0531e-02, -5.7718e-02, -1.0148e-01],
          [-6.1325e-02, -1.5506e-02,  2.1960e-02],
          [ 5.9068e-02, -2.5146e-02, -7.4065e-02]],

         [[ 5.0766e-02,  1.0380e-01,  2.1572e-02],
          [-7.0654e-02,  1.5817e-01, -7.8240e-02],
          [-8.4705e-02,  3.9781e-02,  9.9499e-03]],

         [[ 7.2995e-03, -1.6544e-02, -9.7915e-02],
          [-3.4978e-02,  3.6991e-02,  1.3684e-01],
          [ 1.6113e-02,  2.4518e-02, -1.4590e-01]]],


        [[[-4.6817e-02,  1.0068e-01,  6.9594e-02],
          [ 1.3655e-02,  6.2503e-02, -9.3852e-02],
          [ 8.2500e-03, -7.2503e-03,  1.6654e-02]],

         [[-6.6410e-04,  1.9996e-02, -2.8437e-02],
          [-2.2443e-01,  2.1569e-02, -4.7533e-02],
          [ 1.9205e-02,  9.3184e-02,  5.7526e-02]],

         [[ 6.4897e-02, -7.6740e-03,  3.6838e-02],
          [-7.6762e-02, -4.3673e-02,  3.4365e-02],
          [-4.8431e-02,  4.1956e-02, -1.7673e-02]],

         ...,

         [[ 6.1571e-02, -9.0419e-02,  4.1932e-02],
          [-1.7637e-02, -1.0021e-02,  3.3586e-02],
          [-5.7519e-02,  2.4416e-02,  6.3534e-03]],

         [[-1.2062e-02, -3.0793e-02, -4.6355e-02],
          [ 1.1138e-01, -9.2225e-03, -1.1573e-02],
          [ 6.9459e-02, -3.4762e-02, -7.4249e-02]],

         [[-2.3823e-02,  1.0548e-01,  8.3923e-03],
          [-4.6145e-02, -9.3623e-02,  5.3492e-03],
          [-4.4109e-03,  3.7308e-02,  1.1686e-02]]]])), ('features.4.bias', tensor([-1.2010e-09,  1.5976e-10, -3.7192e-09, -1.3078e-09, -3.0869e-09,
         3.2368e-09,  5.4972e-10,  7.2037e-10, -5.0687e-09, -5.0316e-10,
         2.6626e-09, -1.8473e-09,  1.7470e-09,  7.4434e-09,  6.3644e-10,
        -6.0487e-09, -8.9367e-10, -1.6214e-09,  3.8914e-09,  1.2759e-09,
         2.2545e-09,  2.5971e-09, -1.0573e-09,  3.1678e-09,  3.6447e-09,
         1.2605e-09, -3.7533e-09, -2.1799e-09, -8.4709e-10, -4.6994e-09,
        -2.2937e-10,  9.2447e-09, -8.7796e-10, -2.2178e-09,  2.2133e-09,
         8.0522e-11,  1.8859e-09, -6.5476e-10, -5.2456e-10,  1.0032e-09,
        -2.8792e-09,  1.8908e-09, -5.6082e-10, -2.4328e-09, -2.2290e-09,
         4.6633e-10, -3.5593e-09,  4.2247e-09, -3.4886e-09,  1.4128e-10,
         5.9122e-10,  6.0914e-09,  2.9920e-09,  5.2238e-09, -2.5641e-09,
         5.1342e-10, -1.6893e-09, -2.3980e-09, -2.4500e-09, -6.1020e-09,
        -7.5077e-09, -1.5914e-09, -2.3180e-09,  3.8043e-09])), ('features.5.weight', tensor([0.9899, 0.9982, 0.9912, 0.9997, 0.9912, 1.0022, 1.0134, 1.0016, 0.9939,
        1.0124, 1.0078, 0.9975, 0.9926, 0.9974, 1.0022, 0.9930, 0.9984, 0.9962,
        1.0111, 1.0085, 0.9906, 0.9930, 0.9937, 0.9966, 0.9947, 1.0008, 0.9979,
        1.0004, 0.9895, 1.0015, 0.9876, 0.9995, 1.0018, 1.0004, 0.9958, 1.0067,
        1.0139, 1.0024, 1.0069, 1.0004, 0.9951, 0.9921, 0.9993, 1.0125, 1.0043,
        1.0047, 1.0054, 0.9943, 0.9916, 1.0037, 0.9972, 1.0152, 0.9890, 1.0036,
        1.0018, 1.0147, 0.9930, 1.0171, 0.9932, 1.0068, 0.9999, 0.9970, 1.0017,
        0.9940])), ('features.5.bias', tensor([-4.8306e-03,  1.8334e-03, -4.1956e-03,  4.5205e-03, -3.1516e-03,
         1.0517e-02,  7.6594e-04,  5.4028e-03, -1.2586e-03,  4.5881e-03,
         6.4762e-03, -1.4579e-02, -2.2740e-03,  1.5316e-03,  3.9771e-03,
        -2.8793e-03, -5.2544e-03,  4.1892e-04,  5.1912e-03,  8.9711e-03,
         2.3179e-03, -2.8112e-03, -4.9223e-03, -2.4024e-03, -5.1052e-03,
        -3.4409e-03, -2.0136e-03, -1.6390e-03, -3.0748e-03, -4.9544e-04,
        -5.1673e-03,  1.4510e-03,  9.2294e-03, -3.4763e-03, -2.6116e-03,
         2.0227e-03, -6.6691e-03, -4.5595e-03,  1.5245e-03, -3.3551e-03,
        -1.6751e-03, -6.2519e-03,  7.6543e-03, -5.5488e-05,  1.8479e-03,
        -2.0395e-03,  3.0404e-04, -1.8865e-03,  1.0976e-02,  4.6742e-03,
         7.8141e-03,  2.4136e-03,  1.6364e-03,  1.2581e-03, -1.1908e-03,
         8.3669e-03, -3.8655e-03,  6.9674e-03,  2.5497e-03, -3.5445e-03,
        -2.0054e-03, -6.6986e-03,  9.6846e-03,  4.4324e-03])), ('features.5.running_mean', tensor([ 0.3376, -0.4797,  0.6308, -0.8540,  0.9444, -0.4360, -0.4220, -0.0046,
         0.0598, -1.0673,  0.1040,  0.7945,  0.4684,  0.2379, -0.4408, -1.0839,
        -0.0805, -0.8779, -0.3206,  0.2200,  0.1894,  0.2025,  0.2072,  0.9169,
        -0.0881, -0.1234, -0.4542,  0.2508, -0.8830, -0.4133,  0.7017,  0.2710,
         0.6692, -0.9673, -0.4979, -0.4203, -0.1634,  0.3626, -0.1352, -0.3322,
        -0.2996,  0.7222,  0.6578, -0.9193, -0.4112, -1.1283, -0.5242,  0.2345,
         0.9931,  0.9495,  0.4506,  0.3212,  0.1280,  0.1756, -0.7299, -0.6596,
         0.1019,  0.0046, -0.3308,  0.0120, -0.4931,  0.0458,  0.0683,  0.4214])), ('features.5.running_var', tensor([0.6175, 0.3678, 0.5460, 0.5062, 0.7038, 0.4768, 0.6693, 0.7719, 0.4504,
        0.6032, 0.4568, 0.5707, 0.9578, 0.7895, 0.9486, 0.5793, 0.7559, 0.4966,
        0.2921, 0.5243, 0.2921, 0.6695, 0.4738, 0.5395, 0.6473, 1.0914, 0.5300,
        0.4323, 0.5001, 0.4477, 0.8471, 0.3582, 0.4861, 0.5814, 0.5323, 0.2915,
        0.6721, 0.6209, 0.3533, 0.4766, 0.3801, 0.4812, 0.3798, 0.5636, 0.5123,
        0.5345, 0.4909, 0.9023, 0.7626, 0.5173, 0.7290, 0.3630, 0.6426, 0.5526,
        0.6471, 0.3808, 0.4578, 0.6306, 0.4016, 1.2850, 0.5298, 0.4707, 0.5120,
        0.4721])), ('features.5.num_batches_tracked', tensor(167)), ('features.8.weight', tensor([[[[-1.1454e-01,  7.9090e-03, -1.0485e-02],
          [-5.8905e-02,  2.3266e-02,  2.0295e-02],
          [-1.4319e-03,  3.8372e-02, -3.3389e-02]],

         [[ 3.9814e-02, -4.3774e-02, -5.2994e-02],
          [ 4.0273e-02, -1.4418e-01,  7.3015e-02],
          [ 1.1569e-01, -2.6065e-02,  7.1917e-02]],

         [[ 7.8072e-02, -4.6421e-02, -1.6303e-01],
          [-2.9972e-03,  4.1062e-02,  2.5307e-02],
          [-3.8187e-02,  3.3692e-02, -1.1953e-02]],

         ...,

         [[ 2.8148e-02, -1.0432e-01,  8.8885e-02],
          [-7.1133e-03, -2.3004e-02, -4.2289e-02],
          [-4.1841e-02, -1.8718e-01, -3.6676e-02]],

         [[ 2.3410e-02, -9.5858e-03,  5.8082e-02],
          [ 3.8385e-02, -4.7292e-02,  2.5291e-02],
          [-9.0683e-03,  1.2713e-02, -4.2534e-02]],

         [[ 4.5736e-02,  3.1706e-02, -3.0578e-02],
          [-3.9523e-02, -2.8138e-02,  1.0194e-01],
          [ 5.8613e-02,  2.1320e-05,  2.0508e-02]]],


        [[[ 7.1057e-02, -2.1192e-03, -2.5825e-02],
          [ 7.1640e-02, -5.9583e-02,  5.2677e-02],
          [-9.3071e-02, -7.3516e-02,  3.7193e-02]],

         [[-7.3358e-02,  2.0210e-02, -7.2975e-02],
          [-1.1563e-02, -2.1679e-02, -7.1529e-02],
          [ 3.2269e-03, -7.0802e-02,  5.5952e-02]],

         [[-3.2715e-02,  1.3235e-02, -4.0659e-03],
          [ 3.7806e-02, -2.6276e-03,  1.3787e-02],
          [-5.4184e-02,  6.5184e-02, -4.4970e-02]],

         ...,

         [[ 6.3016e-02, -1.3007e-01,  1.9929e-02],
          [-1.4444e-02, -1.9830e-03, -4.3146e-02],
          [ 8.3823e-02, -8.3936e-02, -1.4747e-01]],

         [[-7.4139e-04,  2.5534e-02,  3.1148e-02],
          [ 2.2639e-02,  1.9291e-02, -1.6538e-02],
          [ 8.7562e-02, -4.9419e-02,  2.5985e-02]],

         [[-2.3155e-02, -3.0549e-02, -4.5931e-02],
          [-3.3918e-02, -1.6980e-04,  1.8757e-02],
          [-1.1257e-01,  1.8669e-02, -1.3695e-02]]],


        [[[ 8.2857e-02,  4.1308e-02,  2.7014e-02],
          [-1.4351e-01,  5.1825e-03, -3.9558e-02],
          [ 6.2674e-02, -3.8884e-02,  7.7844e-02]],

         [[-1.0378e-02,  1.2354e-02,  4.5937e-02],
          [-6.3609e-02,  2.8681e-04,  3.8549e-03],
          [-8.2761e-02,  2.3161e-03,  1.7910e-02]],

         [[-1.2792e-02,  2.9246e-02,  1.2750e-02],
          [ 6.3975e-02,  1.0480e-01, -3.4835e-02],
          [ 4.5171e-03,  8.6491e-02,  6.7875e-02]],

         ...,

         [[-5.7650e-02,  1.3517e-03,  2.1978e-02],
          [ 6.4189e-02,  7.4878e-02,  6.0293e-02],
          [ 4.0395e-02, -3.0898e-02, -9.1295e-02]],

         [[-1.8196e-01,  3.7543e-02,  7.9323e-02],
          [ 1.5317e-03, -5.0216e-02, -3.9464e-02],
          [ 2.0015e-02,  3.6103e-02, -7.6758e-02]],

         [[ 6.3163e-02, -1.2628e-02,  6.9960e-02],
          [-1.8485e-02,  4.5089e-02, -1.6375e-02],
          [-1.1018e-02,  7.1111e-02, -1.0488e-01]]],


        ...,


        [[[-2.3609e-02, -3.7886e-02, -3.7409e-02],
          [ 5.7355e-02, -6.3241e-02, -1.0377e-01],
          [-3.4261e-02, -7.9187e-02, -8.0981e-02]],

         [[ 3.3115e-02, -1.2901e-02,  6.8452e-02],
          [-3.6559e-02,  1.8449e-02,  7.0044e-02],
          [ 2.8888e-02,  4.6295e-02, -1.0486e-01]],

         [[ 4.4018e-03, -2.3877e-02,  7.5422e-02],
          [ 1.5639e-03, -3.8407e-04,  4.8307e-02],
          [-4.0598e-02, -6.9405e-02,  1.6334e-02]],

         ...,

         [[-6.2373e-02, -8.8890e-03, -8.1536e-02],
          [-2.7095e-02, -7.1275e-02,  1.2303e-02],
          [-1.1529e-01,  4.8428e-02, -1.5354e-02]],

         [[ 5.9898e-02,  7.2139e-02,  2.5988e-02],
          [ 1.8857e-02, -6.4785e-02, -1.1254e-02],
          [ 9.9844e-02, -1.9240e-02,  7.0589e-02]],

         [[-7.1669e-02,  3.2625e-02, -2.4691e-02],
          [ 1.9174e-02,  3.5232e-02,  6.2365e-02],
          [-7.4082e-02, -8.2680e-02, -8.2036e-02]]],


        [[[ 4.0092e-04,  8.3468e-02, -4.1440e-02],
          [ 2.6857e-02,  3.5279e-02, -7.8529e-04],
          [ 3.6374e-03, -2.1524e-02, -5.7344e-02]],

         [[-1.2126e-01, -5.3647e-02,  4.7670e-02],
          [ 3.9076e-03,  9.1765e-02,  3.2252e-02],
          [ 5.0850e-02, -1.9862e-02,  6.5618e-02]],

         [[-7.3872e-02,  1.7081e-02, -5.6195e-02],
          [-3.6791e-02, -9.9394e-03,  4.1091e-02],
          [ 7.9156e-02,  1.2505e-02,  2.9284e-02]],

         ...,

         [[-4.1142e-02, -1.8398e-03, -2.4885e-02],
          [ 1.0038e-02, -3.1199e-02, -6.8184e-03],
          [-2.0303e-03,  6.7242e-02,  4.7335e-02]],

         [[ 1.8503e-02, -1.7492e-02, -4.8713e-02],
          [ 1.5456e-02, -4.1523e-02,  4.2124e-02],
          [ 8.3976e-03,  7.5282e-02,  1.7704e-02]],

         [[-5.3039e-02, -1.7877e-02,  1.3153e-02],
          [-6.8399e-02,  1.9644e-02, -6.6919e-02],
          [ 1.4038e-02, -2.7275e-02, -3.5652e-02]]],


        [[[ 5.5728e-02,  5.2246e-02, -2.7715e-03],
          [-3.5026e-02,  2.1895e-03,  1.2863e-02],
          [ 4.4642e-02, -1.5667e-01, -3.8728e-02]],

         [[ 8.1864e-02,  2.1677e-02, -3.1567e-02],
          [-7.6459e-03, -7.4681e-02,  8.9734e-02],
          [ 2.5359e-03, -9.9731e-04,  6.2298e-02]],

         [[-6.0186e-02, -1.5471e-02,  2.4783e-02],
          [-5.5387e-02,  7.6867e-02, -9.3287e-02],
          [-5.7239e-03,  6.4068e-02,  2.2746e-02]],

         ...,

         [[ 8.0283e-02, -9.3511e-02,  4.0117e-02],
          [ 5.9652e-02, -4.1475e-02,  6.6276e-02],
          [ 7.1817e-02,  3.5983e-02, -7.2835e-02]],

         [[ 9.7440e-03, -5.4424e-02, -8.2660e-02],
          [-9.5730e-02, -3.5881e-02, -1.4898e-02],
          [-7.4415e-02, -9.7363e-02, -6.3779e-02]],

         [[-3.2248e-02,  1.0181e-01, -5.8769e-02],
          [-1.3686e-02,  2.9936e-02, -1.3322e-02],
          [-2.2935e-02,  7.6827e-02, -1.6531e-02]]]])), ('features.8.bias', tensor([ 8.2241e-10,  9.2843e-10,  1.5868e-09,  4.1240e-10, -8.8067e-10,
        -2.9305e-09,  7.7623e-10,  3.4549e-10, -6.3068e-10,  2.4818e-09,
         2.1729e-11,  2.1084e-09, -8.4388e-10, -1.4779e-09, -8.2792e-10,
        -7.0864e-10, -6.4685e-10, -5.0122e-09, -2.9720e-10,  7.4439e-10,
         1.7315e-09, -2.1537e-09,  7.8414e-11, -1.5699e-09, -1.4842e-09,
         3.6714e-10, -5.7105e-10, -9.5165e-10,  1.9083e-10, -1.3023e-09,
         2.0295e-09, -1.3340e-09,  5.1011e-10,  2.3708e-09,  2.1687e-09,
        -1.8366e-09,  1.7458e-11, -2.9215e-09, -5.1003e-10,  1.0339e-09,
        -1.4062e-09,  2.1153e-09, -1.0083e-09,  1.9294e-09, -1.6210e-09,
         2.0559e-09, -5.9204e-10,  6.3673e-10, -2.2361e-09,  6.9602e-10,
        -6.2334e-10,  1.5470e-09, -1.6003e-09,  3.5504e-10,  1.0463e-09,
         1.0932e-09,  2.4198e-11, -4.4496e-10, -2.6970e-10, -1.3564e-09,
        -3.1817e-10,  1.4486e-10,  2.4821e-09,  1.6635e-09])), ('features.9.weight', tensor([1.0075, 0.9960, 1.0014, 1.0054, 1.0080, 1.0037, 1.0036, 0.9940, 1.0162,
        0.9999, 1.0142, 1.0041, 1.0013, 1.0068, 1.0068, 1.0078, 1.0052, 1.0077,
        1.0035, 1.0136, 1.0176, 1.0143, 0.9986, 1.0232, 0.9927, 1.0012, 1.0164,
        0.9992, 1.0053, 1.0139, 1.0028, 1.0092, 1.0067, 0.9991, 1.0056, 0.9998,
        1.0048, 1.0049, 1.0249, 1.0072, 0.9995, 1.0021, 1.0128, 1.0005, 1.0072,
        1.0076, 1.0098, 0.9934, 1.0027, 0.9972, 1.0011, 1.0005, 1.0051, 1.0025,
        1.0079, 1.0038, 0.9971, 0.9978, 0.9994, 1.0118, 1.0093, 1.0039, 0.9998,
        1.0025])), ('features.9.bias', tensor([ 7.9538e-03, -6.2827e-03, -2.1440e-03, -1.9016e-03,  2.6153e-03,
        -1.8177e-03, -1.4863e-03, -1.0095e-02,  8.1819e-03, -3.2546e-03,
         4.7551e-03, -3.5627e-03,  1.3765e-03,  3.3879e-03, -5.0440e-03,
         1.0568e-03, -8.2293e-04, -1.2523e-03, -2.3182e-03,  6.1079e-03,
         4.8488e-03,  4.0663e-03, -2.6008e-03,  3.2495e-03, -5.0647e-03,
        -3.8421e-04,  1.2213e-03, -3.2255e-03, -1.8285e-03,  2.8648e-03,
        -2.6571e-03,  1.2394e-03,  9.9138e-03, -5.3737e-03, -1.3804e-03,
        -1.5840e-03, -2.2106e-03, -6.1160e-03,  8.6121e-03, -1.1413e-03,
        -2.5658e-03, -8.4077e-03,  4.7109e-03, -4.0643e-04,  2.1195e-03,
        -4.9670e-03,  7.5760e-03, -6.7577e-03, -3.2201e-04,  2.5522e-05,
        -3.7596e-04, -4.7219e-03,  3.4984e-03, -4.5221e-03,  1.9844e-03,
        -6.2517e-04, -9.6846e-03, -2.6821e-03, -7.5559e-03, -9.7005e-04,
         1.2147e-04, -4.7853e-05, -3.8869e-03, -4.3552e-03])), ('features.9.running_mean', tensor([-0.7292,  0.1665,  1.0800, -1.8060,  0.0289, -0.4093,  0.4809, -0.8161,
         0.5500, -1.9302,  0.7084,  0.0064, -0.4300,  0.8088,  0.2990, -0.4419,
        -0.7314, -1.2591, -1.4626, -1.0261, -0.6721, -0.9331, -0.5319,  0.4415,
         1.5594, -0.8487, -0.6066,  0.6842, -0.4622, -1.0468,  0.6984,  0.1210,
         0.8602, -0.7297, -0.7672,  0.7745, -0.4194, -0.3914, -0.3312, -0.8019,
         0.1547, -0.5870,  1.7043, -0.1553,  0.1886, -0.3841, -0.5023,  1.1925,
        -0.5274,  0.5511,  1.3119, -2.1112,  0.4183, -1.5957, -0.0497,  0.7061,
         0.1941, -0.5827,  0.8718, -1.0228, -0.5304, -1.3878,  1.0238, -0.7157])), ('features.9.running_var', tensor([1.2326, 1.2007, 0.8482, 1.7084, 1.2692, 0.8780, 1.0640, 1.4154, 1.0390,
        0.7707, 0.9732, 1.0936, 0.6648, 1.0339, 1.0727, 0.9691, 1.6273, 1.0505,
        1.1651, 0.9611, 1.5658, 2.1462, 0.9929, 0.7730, 1.8086, 1.0101, 1.0667,
        1.0176, 1.5808, 1.2031, 1.0110, 1.2312, 1.0599, 0.9880, 1.0170, 0.7532,
        0.7690, 0.8701, 1.4229, 0.8545, 0.8032, 0.9598, 1.1790, 0.8310, 1.2376,
        0.7799, 0.8885, 1.1648, 0.9540, 1.1848, 1.1122, 1.2339, 0.8439, 1.1398,
        0.9760, 0.9788, 1.2604, 0.4269, 0.8412, 1.1382, 1.5597, 1.1707, 1.0714,
        1.0151])), ('features.9.num_batches_tracked', tensor(167)), ('denses.0.weight', tensor([[ 0.0177,  0.0092,  0.0078,  ..., -0.0091, -0.0088,  0.0135],
        [ 0.0038, -0.0079,  0.0016,  ..., -0.0013,  0.0115,  0.0032],
        [ 0.0035, -0.0020,  0.0074,  ..., -0.0008, -0.0128,  0.0044],
        ...,
        [ 0.0099,  0.0076, -0.0063,  ..., -0.0054,  0.0232, -0.0087],
        [-0.0063,  0.0033, -0.0003,  ...,  0.0051,  0.0078, -0.0073],
        [-0.0013,  0.0201,  0.0034,  ..., -0.0019, -0.0051,  0.0094]])), ('denses.0.bias', tensor([ 3.6526e-04, -2.7128e-04,  7.5978e-04,  6.8869e-05, -2.6425e-04,
         2.6912e-04, -1.4161e-04,  8.5940e-04,  1.1784e-03,  9.4487e-05,
         1.8758e-04, -1.3674e-03, -9.2343e-04,  1.6141e-04, -3.3789e-04,
        -2.1040e-05, -1.2502e-03, -4.6488e-04, -4.6180e-04,  6.3626e-05,
        -2.4154e-04, -1.7265e-04, -2.4152e-04,  4.5888e-04,  2.9952e-04,
        -8.7466e-05,  1.6006e-03,  7.1088e-04,  6.8214e-04, -3.4032e-04,
         1.2889e-03,  1.5544e-04,  7.7151e-04,  7.9838e-04, -8.1140e-04,
        -5.6324e-04, -6.8144e-04, -7.4005e-04,  1.1199e-05, -8.9381e-04,
         3.8564e-05, -5.1147e-05, -8.5771e-04, -9.3737e-04,  6.6739e-04,
        -8.4428e-04, -1.6921e-04,  9.5429e-04,  4.1832e-04, -9.4541e-05,
         8.2891e-05, -5.1441e-04, -5.0915e-05,  8.7293e-04, -1.6502e-03,
         1.3813e-03,  6.1943e-04,  2.5286e-04,  1.7117e-04,  7.2865e-04,
        -8.3301e-05,  4.8909e-04,  3.3550e-04,  3.9210e-04, -3.1117e-04,
         1.0298e-03,  3.6727e-04,  6.2261e-04, -8.8055e-04, -2.0931e-04,
        -2.3321e-04, -9.3399e-04, -8.3790e-04,  9.9642e-05,  5.6269e-05,
        -1.2545e-04,  1.3621e-04,  4.3474e-04,  2.1963e-04,  2.9312e-05,
         7.0614e-04, -1.2758e-04, -8.9538e-04, -3.7464e-04, -1.0212e-04,
         1.2925e-04,  1.2930e-04,  6.2580e-04, -7.8808e-04,  1.1731e-03,
        -1.7084e-03, -3.3433e-04,  7.0339e-04, -9.2441e-06,  3.6338e-04,
         3.0298e-04,  5.1673e-04, -5.7358e-04, -4.4833e-05, -6.9464e-04,
         2.6980e-04, -1.1747e-04, -1.1450e-04,  4.9008e-04,  1.0969e-04,
         4.1932e-04, -6.4085e-04, -1.7527e-03,  3.9886e-04, -7.5401e-04,
        -1.2743e-03,  3.2303e-04,  2.6861e-04,  1.0731e-04, -1.7692e-04,
        -1.2821e-03,  4.6666e-04, -3.0104e-04, -7.9468e-04, -4.9215e-05,
         5.2032e-05,  1.0836e-03, -6.5686e-04,  5.5248e-04, -8.4281e-04,
         4.8681e-04,  2.0152e-04,  4.7220e-04])), ('denses.1.weight', tensor([[-0.0108,  0.0267, -0.0070,  ..., -0.0536, -0.0229,  0.0359],
        [-0.0837, -0.0491, -0.0825,  ...,  0.0106, -0.0277, -0.0154],
        [ 0.0145,  0.0213,  0.0231,  ..., -0.0511,  0.0023,  0.0321],
        ...,
        [ 0.0779,  0.0460,  0.0622,  ..., -0.0008,  0.0108,  0.0034],
        [-0.0274, -0.0551, -0.0616,  ..., -0.0260, -0.0210, -0.0285],
        [-0.0459, -0.0166, -0.0290,  ...,  0.0192,  0.0491, -0.1057]])), ('denses.1.bias', tensor([-0.0323, -0.0100,  0.0213,  0.0395,  0.0095, -0.0077, -0.0116,  0.0147,
        -0.0204, -0.0031]))]), 16666.666666666668)