(OrderedDict([('features.0.weight', tensor([[[[ 3.2729e-02, -5.9771e-02,  5.6135e-02],
          [ 2.5943e-02, -4.1709e-03, -3.6229e-02],
          [-7.5501e-02, -2.2192e-02, -8.7143e-03]],

         [[-3.5645e-02, -1.4764e-01,  6.0018e-02],
          [-1.1250e-01,  1.3405e-02, -1.3380e-01],
          [-4.9215e-02, -4.8252e-02, -1.0063e-01]],

         [[-1.2402e-03, -1.8793e-01,  9.5589e-02],
          [-1.3786e-02, -9.9422e-02,  7.3694e-02],
          [-2.2309e-02, -1.9742e-01, -1.4258e-02]]],


        [[[-2.2203e-01, -9.8256e-02, -5.1097e-02],
          [-1.3733e-01, -5.1755e-02,  9.0007e-02],
          [ 3.4163e-02,  1.2274e-01,  1.8886e-01]],

         [[ 9.2414e-02, -1.4327e-02,  6.7033e-02],
          [ 7.9563e-04,  1.3487e-01,  1.6302e-02],
          [ 1.2237e-01, -5.6042e-03,  1.7110e-02]],

         [[-9.0699e-02,  4.6832e-02,  8.3399e-02],
          [ 1.3521e-01,  2.6528e-02,  2.6417e-02],
          [-6.4431e-02,  5.7466e-03, -1.4400e-01]]],


        [[[-9.4993e-02, -2.7259e-01, -2.6845e-02],
          [ 1.2550e-01, -5.9690e-02,  4.1161e-02],
          [-1.1399e-02,  2.2940e-01,  1.2475e-01]],

         [[-1.2988e-01, -1.0385e-01, -1.4937e-01],
          [ 1.3665e-03, -6.5647e-02, -1.0636e-01],
          [ 2.5146e-01,  2.1204e-01,  7.6170e-02]],

         [[-5.1342e-02,  4.0257e-02, -9.3553e-02],
          [-3.8026e-02, -8.3046e-02,  6.1034e-02],
          [ 4.1398e-02, -1.3726e-02,  8.2014e-02]]],


        [[[-2.0255e-01, -4.4492e-02, -1.7534e-01],
          [-5.0280e-02,  1.6139e-02, -9.5539e-02],
          [ 2.6937e-02, -2.0212e-01, -6.0626e-02]],

         [[-1.5873e-02, -2.1129e-02,  1.2623e-02],
          [-6.6110e-05,  1.2194e-01,  1.2448e-01],
          [ 2.2290e-02,  7.4985e-02, -1.3308e-02]],

         [[ 1.4572e-01,  8.1112e-02, -2.3875e-04],
          [ 1.3456e-01,  7.2593e-02,  1.0229e-01],
          [-5.8075e-02,  4.3564e-02,  9.2569e-02]]],


        [[[ 3.9377e-01, -1.7956e-01,  4.5644e-03],
          [-9.6671e-02, -1.4758e-01,  2.5671e-01],
          [-1.0437e-01,  1.4558e-01, -2.3917e-01]],

         [[ 1.7612e-01, -2.9209e-01,  7.7142e-02],
          [-1.3724e-01, -2.1353e-01,  1.2857e-01],
          [-6.5551e-02,  2.8054e-01, -7.0550e-02]],

         [[ 5.2878e-02, -2.7913e-01,  9.4286e-02],
          [-5.2123e-02, -5.8904e-02,  2.1105e-01],
          [-1.5359e-01,  3.7054e-01, -1.5572e-01]]],


        [[[-1.5873e-01, -3.8663e-02,  3.2248e-02],
          [-2.2611e-01, -2.3016e-02, -2.1068e-02],
          [-1.8444e-02, -2.0764e-01, -1.2523e-02]],

         [[ 7.2198e-02, -1.5011e-01, -1.3567e-01],
          [ 1.5228e-01, -1.0739e-01,  6.7060e-03],
          [-8.4017e-02, -3.9432e-02, -8.7485e-02]],

         [[ 5.9193e-02,  1.5126e-02,  1.2473e-02],
          [ 3.3320e-01,  1.9665e-01,  1.5655e-01],
          [ 1.7201e-01,  5.5642e-02,  8.1237e-02]]],


        [[[ 5.7692e-02,  3.0584e-02, -6.1272e-02],
          [ 9.0400e-02,  2.6626e-02, -2.1690e-02],
          [ 1.0131e-01, -9.1965e-03,  1.5159e-01]],

         [[-5.1735e-02, -3.1555e-02, -6.7306e-02],
          [-5.7945e-02, -1.8050e-01, -2.2243e-01],
          [-2.1060e-01, -1.3776e-01,  1.0973e-01]],

         [[ 1.6432e-01,  1.3899e-01,  5.4184e-02],
          [ 1.3565e-02, -4.7079e-02, -1.9329e-02],
          [-8.1311e-02, -9.9094e-02,  1.8053e-02]]],


        [[[ 4.6582e-03, -5.0696e-02,  1.8502e-01],
          [-8.7469e-03,  8.4849e-02,  5.8165e-02],
          [ 1.2902e-01, -2.7264e-02, -1.7587e-01]],

         [[-6.3582e-04, -1.9777e-01, -2.0005e-02],
          [-4.8349e-02, -1.8306e-01, -2.3192e-01],
          [ 1.8350e-01,  1.6377e-02, -1.4177e-01]],

         [[-1.6712e-01, -2.0861e-02,  2.1420e-01],
          [ 1.3206e-02, -1.4405e-02, -8.4246e-02],
          [ 8.7383e-02,  1.8555e-02, -4.7361e-02]]],


        [[[-1.9740e-01, -3.7787e-02,  7.1248e-02],
          [-6.5340e-02, -2.4032e-02,  1.1764e-01],
          [ 9.4993e-02,  1.0378e-01, -7.4094e-02]],

         [[-2.8825e-02, -1.9634e-01,  1.3463e-01],
          [-1.0603e-01,  3.2548e-03,  3.0977e-03],
          [ 1.1038e-02,  1.7644e-01,  1.9747e-02]],

         [[-1.5531e-01, -7.3734e-02,  9.6764e-03],
          [-6.5900e-02,  5.5855e-02,  9.1485e-02],
          [-1.1295e-02,  3.1533e-02, -2.8560e-02]]],


        [[[ 1.7282e-01,  2.7700e-01,  1.2741e-01],
          [ 1.6592e-01,  6.2103e-02,  1.6969e-01],
          [-4.4253e-02,  8.8927e-02, -3.2203e-02]],

         [[-2.5302e-02, -1.3828e-01, -1.6244e-01],
          [-6.7136e-02, -1.9767e-02, -2.9363e-02],
          [-1.8697e-01, -1.6739e-01, -1.6571e-01]],

         [[-5.3321e-02, -1.2072e-01, -4.8003e-03],
          [-5.4520e-02, -8.5595e-02, -1.6672e-01],
          [ 2.2714e-01,  4.5886e-02,  8.2795e-02]]],


        [[[-1.5430e-01,  1.3431e-02,  3.9004e-02],
          [-7.9287e-02, -9.0184e-02,  1.0362e-01],
          [ 7.9154e-03, -7.4174e-02,  1.6966e-01]],

         [[ 7.8944e-02, -2.2496e-01, -1.6142e-01],
          [ 4.2416e-02, -3.5183e-02, -6.6513e-02],
          [-1.2464e-01,  1.6010e-01,  1.0945e-01]],

         [[-1.0296e-01, -1.6243e-01,  8.2001e-02],
          [-7.7330e-02,  1.8247e-02,  1.4424e-01],
          [-1.6392e-01, -3.6942e-02, -1.0062e-02]]],


        [[[-7.1246e-02,  8.1038e-02,  4.6040e-02],
          [ 3.3758e-02,  1.0597e-01,  9.5133e-02],
          [ 7.3305e-02, -3.3964e-02,  3.7824e-02]],

         [[-1.3074e-01,  5.1070e-03, -2.4582e-02],
          [ 5.0122e-02, -4.8944e-02, -1.4001e-02],
          [-8.2154e-03, -7.7764e-03, -1.2908e-01]],

         [[ 2.7832e-03,  5.0374e-02,  1.6922e-01],
          [ 1.1505e-01, -4.3780e-02,  1.0151e-02],
          [ 9.4205e-02,  2.0974e-01, -1.3225e-01]]],


        [[[ 4.7168e-02,  6.8463e-02, -1.9328e-02],
          [-1.0648e-01, -5.5882e-02,  1.0204e-02],
          [-4.6462e-02,  8.5337e-02,  4.1656e-03]],

         [[ 4.1373e-02,  5.7611e-02,  4.9996e-02],
          [-1.3866e-01, -1.6222e-01, -1.5406e-02],
          [-7.9220e-02, -4.4590e-02,  2.1560e-02]],

         [[ 4.3139e-02,  1.7393e-01, -6.9955e-02],
          [-1.4943e-01, -5.9210e-02, -1.4607e-01],
          [-9.0648e-02, -7.0819e-02, -1.6236e-01]]],


        [[[ 3.7108e-02,  1.7305e-01,  9.4363e-02],
          [-4.1093e-02, -9.6075e-02,  1.0690e-02],
          [-9.5928e-02, -2.4227e-01, -9.1687e-03]],

         [[ 1.8657e-01,  1.6566e-01, -8.2776e-02],
          [ 1.6066e-01,  3.2245e-02, -7.1667e-02],
          [-2.6396e-01, -1.6531e-01,  1.6274e-02]],

         [[ 1.8292e-01,  1.5046e-02,  6.4318e-02],
          [ 9.1368e-03,  1.5877e-02, -1.5315e-01],
          [-7.8764e-02, -9.5226e-02,  5.0569e-02]]],


        [[[ 9.1833e-03,  8.7862e-02,  2.4425e-01],
          [-1.0510e-01, -5.9738e-02,  2.3608e-01],
          [-1.2651e-01, -7.3682e-02, -1.4889e-01]],

         [[-1.2175e-01,  1.2070e-01,  6.4656e-02],
          [-1.1493e-01,  3.6488e-02,  5.4411e-02],
          [-1.4135e-01, -1.2283e-01,  3.0608e-03]],

         [[ 1.1818e-01,  5.1170e-02,  7.4276e-02],
          [-2.9636e-03, -5.0588e-02,  5.8151e-02],
          [ 5.9312e-03, -1.6382e-01,  7.9579e-02]]],


        [[[ 8.7720e-02,  7.5449e-02, -8.0085e-02],
          [-4.9184e-02, -3.4769e-02,  3.3686e-02],
          [-6.1705e-02, -4.1142e-02,  1.0715e-01]],

         [[ 1.8486e-01,  2.7751e-01, -1.0441e-01],
          [ 3.1808e-02,  1.8449e-01,  8.9778e-02],
          [-6.0901e-02,  1.1145e-01,  2.5166e-01]],

         [[-2.8989e-02, -8.9675e-02, -1.2832e-01],
          [-7.1469e-02, -1.8061e-01, -9.3840e-02],
          [-1.2801e-01, -1.7904e-01, -2.0758e-02]]],


        [[[-1.5842e-01, -2.0652e-01,  1.1744e-01],
          [ 6.8266e-02, -3.2749e-02, -2.7312e-02],
          [ 1.4794e-01,  4.9655e-02, -3.0157e-02]],

         [[ 3.8704e-02, -1.6603e-01, -1.2755e-01],
          [ 4.7914e-02,  3.5785e-02, -2.9886e-02],
          [ 1.1962e-02,  1.7776e-01, -1.8562e-02]],

         [[-2.6195e-02, -8.9312e-02,  1.7084e-01],
          [-4.5018e-02,  7.7888e-03, -2.2676e-01],
          [-6.0736e-02,  1.2135e-01, -1.8050e-02]]],


        [[[-2.3994e-01, -7.4236e-02,  1.6078e-01],
          [-1.4008e-02,  6.2969e-02, -5.7292e-02],
          [ 1.7148e-02,  4.0495e-02,  7.9492e-03]],

         [[-7.8929e-03,  2.5002e-02, -5.5788e-02],
          [-1.0369e-01, -1.1137e-01,  6.2065e-02],
          [-7.3318e-02, -1.5279e-01, -5.4710e-02]],

         [[-1.4667e-02,  2.1755e-01,  1.0519e-01],
          [-6.8562e-02, -4.5013e-02,  5.1302e-02],
          [-6.8479e-02,  5.0154e-03,  1.1256e-01]]],


        [[[-1.4585e-01, -1.9651e-02,  2.1189e-01],
          [-6.1884e-02,  7.9116e-03,  9.0752e-02],
          [-4.9980e-02, -1.0813e-02, -2.1588e-02]],

         [[-3.1998e-01, -6.2579e-02,  2.0909e-01],
          [-1.2031e-01, -2.9226e-02,  1.6322e-01],
          [-1.7762e-01,  1.0318e-01,  3.6464e-02]],

         [[-1.4568e-01, -9.3393e-03,  3.1404e-01],
          [-2.1173e-01, -1.0407e-01,  2.1446e-01],
          [-2.3873e-02,  6.1479e-02,  2.0531e-02]]],


        [[[ 8.9351e-02, -1.5796e-01,  9.8793e-02],
          [ 4.7783e-02, -1.8812e-01,  8.1288e-02],
          [ 7.9613e-02, -1.2289e-01,  9.3102e-02]],

         [[-3.1233e-02, -2.0234e-01,  6.3633e-02],
          [-4.4120e-02, -5.8241e-02,  1.0467e-01],
          [ 4.9528e-02, -2.3931e-01, -3.4313e-02]],

         [[ 6.9501e-02, -6.2335e-02,  1.0006e-01],
          [ 2.3063e-01,  3.7272e-02,  9.8693e-02],
          [ 5.9564e-02, -8.6488e-02,  4.0265e-02]]],


        [[[ 8.5611e-02, -1.4363e-01,  1.3039e-01],
          [ 2.0348e-01,  1.6791e-02, -1.2770e-01],
          [ 1.1633e-01, -1.1478e-01,  1.0569e-01]],

         [[ 1.0602e-02, -1.1924e-01,  1.1368e-01],
          [ 1.0939e-01,  6.7732e-02,  2.2804e-03],
          [ 1.5477e-03, -2.6354e-01,  7.8499e-02]],

         [[-2.2856e-02,  1.4951e-02,  1.1009e-01],
          [ 1.7375e-01, -1.0063e-01, -1.8917e-02],
          [ 6.1749e-02, -9.1297e-02,  1.0065e-01]]],


        [[[-7.7298e-02,  3.6872e-02,  1.6257e-01],
          [ 4.2275e-02,  5.4026e-02,  1.2939e-01],
          [ 5.9382e-02,  1.1699e-02,  1.0270e-01]],

         [[ 8.9680e-02,  7.8934e-02,  7.9126e-02],
          [-6.0981e-02,  4.3892e-02,  3.7132e-02],
          [-1.7928e-01, -6.1124e-02, -2.1657e-02]],

         [[-3.2033e-02,  1.0723e-01,  7.1433e-02],
          [-5.3457e-02, -1.0577e-01, -3.9645e-02],
          [ 4.2078e-02, -3.2392e-02,  7.3012e-02]]],


        [[[ 2.1816e-01, -4.6668e-02, -9.0973e-02],
          [ 8.7910e-02,  1.0106e-01,  1.1462e-02],
          [ 1.7389e-02,  6.2955e-02,  4.6805e-02]],

         [[ 1.6520e-02, -6.4128e-02, -1.2982e-01],
          [ 1.7699e-02, -1.0433e-01, -1.6819e-01],
          [ 1.7307e-01,  1.1783e-02, -1.8775e-01]],

         [[ 8.3892e-02, -4.0494e-02, -1.6314e-01],
          [ 1.7885e-01,  6.8764e-02, -1.7239e-01],
          [ 9.1069e-02,  9.2219e-02, -2.0610e-02]]],


        [[[ 4.3680e-02,  1.0388e-01, -1.8347e-02],
          [ 3.8317e-02,  1.6861e-02,  6.1598e-02],
          [ 6.1302e-02,  1.4010e-01,  7.3325e-02]],

         [[-8.3890e-02,  1.0474e-01, -5.9876e-02],
          [ 4.9099e-03,  1.3801e-01,  3.1033e-02],
          [ 9.6755e-02,  1.5757e-02,  8.1509e-02]],

         [[-4.9571e-02, -2.6399e-02,  6.5096e-03],
          [ 1.1564e-01, -7.0091e-02, -4.3215e-02],
          [-6.7649e-02, -5.4447e-03, -4.7144e-02]]],


        [[[ 1.6532e-01,  5.7899e-02, -9.1010e-02],
          [-4.6757e-02, -4.1868e-02, -4.0701e-02],
          [ 2.2310e-02, -1.4894e-01, -2.8711e-02]],

         [[-2.7828e-02,  2.3791e-02,  3.2003e-02],
          [ 4.0847e-02, -4.6934e-02,  4.6773e-02],
          [-6.4640e-02,  9.1387e-02, -1.0699e-01]],

         [[ 4.1451e-02,  6.6868e-02,  1.1565e-01],
          [ 7.2140e-02,  1.6229e-01, -6.8154e-02],
          [ 8.5305e-02,  1.0388e-01,  1.3031e-01]]],


        [[[-5.2722e-03, -9.4113e-02, -2.4368e-01],
          [-1.1474e-01,  3.0202e-02, -4.7889e-02],
          [ 1.1408e-02, -1.2320e-01, -3.6832e-02]],

         [[-5.5963e-02, -5.0859e-02,  3.9101e-02],
          [-1.2754e-01,  5.3980e-02,  5.7055e-02],
          [ 7.5466e-02,  9.5607e-03,  1.1938e-01]],

         [[-8.6686e-02, -1.0975e-01,  1.0303e-01],
          [ 3.5052e-02, -8.8441e-02,  3.9536e-02],
          [ 1.1966e-01,  1.4853e-01,  1.6911e-01]]],


        [[[-4.8819e-02,  7.3033e-02, -1.0521e-01],
          [-1.2616e-02, -1.1447e-01,  4.7356e-02],
          [-7.2841e-02, -8.6150e-02,  3.2801e-02]],

         [[-2.3578e-03, -1.4679e-02,  6.9863e-02],
          [-1.8007e-01, -1.3393e-01, -5.9547e-02],
          [ 3.0767e-02,  5.5230e-02, -8.0847e-02]],

         [[ 2.9101e-02, -7.9934e-02, -1.8477e-01],
          [-6.2151e-02, -1.0757e-01,  2.9407e-02],
          [ 3.4161e-03,  5.9720e-02,  1.3703e-01]]],


        [[[ 7.7384e-04, -4.6253e-02, -9.5939e-02],
          [ 1.4362e-01, -1.6495e-02, -7.9494e-02],
          [-1.2876e-01,  7.3901e-02, -1.9975e-01]],

         [[ 1.2122e-01,  6.9898e-02,  1.6180e-02],
          [ 9.2820e-02,  1.6189e-01, -6.2753e-02],
          [ 6.2201e-02,  8.4629e-02, -3.1253e-01]],

         [[ 8.6932e-03,  1.6402e-01, -1.9893e-01],
          [-4.8945e-03, -1.2684e-01, -7.1243e-02],
          [ 7.0478e-02, -4.0588e-02, -8.7912e-02]]],


        [[[-9.6526e-02, -3.3749e-02, -4.9392e-02],
          [ 5.8687e-02,  1.2838e-01, -9.3729e-02],
          [ 7.2704e-02,  8.0308e-02,  2.6647e-02]],

         [[-9.0499e-02, -5.4073e-02,  4.7877e-02],
          [-1.6313e-02, -9.3242e-02,  8.7552e-02],
          [-1.4832e-01,  7.9827e-02, -5.2382e-03]],

         [[ 3.5737e-02,  5.9190e-02, -3.0608e-03],
          [ 1.8932e-01,  1.0568e-02, -3.0912e-02],
          [ 7.2765e-03,  2.5794e-02,  1.4686e-01]]],


        [[[ 1.1302e-02,  1.3913e-01, -5.5041e-02],
          [ 1.2028e-01,  5.5449e-02, -1.1632e-01],
          [-2.0899e-01, -2.8351e-02,  2.4202e-03]],

         [[ 9.8609e-02,  2.0371e-01, -7.1156e-02],
          [ 5.5952e-02, -1.2547e-02, -1.3763e-01],
          [-9.5576e-02, -7.4040e-02, -2.0017e-01]],

         [[ 6.3875e-02,  5.0231e-02, -4.6231e-02],
          [ 7.7846e-02, -9.8921e-02,  7.7993e-02],
          [-1.1039e-01,  5.6837e-02, -4.7137e-02]]],


        [[[-1.2194e-01, -4.5842e-03,  9.7098e-02],
          [-1.6971e-01, -3.8761e-03, -1.2100e-01],
          [ 1.1353e-01,  3.1549e-01,  1.1199e-01]],

         [[-5.0043e-02, -2.3166e-02, -1.6707e-01],
          [-1.4979e-01, -5.2816e-02, -1.6609e-01],
          [ 1.2243e-01,  9.3837e-02,  1.1697e-01]],

         [[-1.0143e-01,  1.0452e-01, -9.7728e-02],
          [-7.4296e-03, -7.9001e-02,  1.8599e-02],
          [ 1.2584e-02,  3.2014e-02,  1.5611e-01]]],


        [[[-9.0251e-03, -6.9638e-02,  1.2629e-01],
          [-1.4035e-01,  4.0857e-02, -1.7383e-01],
          [-7.3784e-02, -2.7370e-03, -6.4137e-02]],

         [[ 1.4178e-02,  6.3334e-02, -1.0465e-01],
          [-1.0919e-01, -1.5944e-01, -3.1112e-02],
          [ 2.1792e-02, -1.2534e-02, -1.2783e-01]],

         [[ 1.8208e-01,  1.0802e-01, -4.1729e-02],
          [-1.0844e-01,  9.5222e-02, -1.0705e-02],
          [-2.7140e-02,  7.7598e-02, -5.4612e-02]]]])), ('features.0.bias', tensor([-2.7789e-09, -3.5581e-08, -7.0996e-09, -1.1142e-08, -1.0545e-08,
         2.1762e-08,  2.6145e-09, -1.2830e-08, -1.0562e-08, -8.5381e-09,
         1.3700e-09, -7.6405e-09, -1.5289e-08,  3.7859e-08, -7.9436e-09,
        -3.3244e-08,  7.1032e-09,  1.5150e-08, -5.8083e-11, -9.1755e-09,
         5.7852e-09, -2.8639e-09, -1.0648e-08, -1.3900e-08, -6.6668e-09,
        -2.7297e-08,  5.8867e-09, -1.4423e-08, -9.4683e-10, -2.9009e-09,
        -9.7811e-09, -3.1993e-09])), ('features.1.weight', tensor([0.9863, 1.0014, 1.0387, 0.9699, 1.0464, 0.9955, 0.9754, 1.0180, 0.9779,
        1.0389, 1.0179, 1.0009, 0.9621, 1.0345, 1.0196, 0.9587, 1.0027, 0.9781,
        1.1217, 0.9879, 0.9724, 0.9974, 1.0331, 0.9842, 0.9722, 0.9792, 0.9832,
        1.0238, 0.9544, 0.9954, 1.0086, 0.9458])), ('features.1.bias', tensor([-0.0333, -0.0112,  0.0605, -0.0119,  0.0587,  0.0291, -0.0267,  0.0313,
         0.0220, -0.0906,  0.0285,  0.0181, -0.0375, -0.0464, -0.0160, -0.0109,
         0.0473, -0.0296, -0.0025,  0.0006, -0.0155, -0.0277, -0.0334, -0.0214,
        -0.0298, -0.0079,  0.0099,  0.0802, -0.0578, -0.0277,  0.0286, -0.0469])), ('features.1.running_mean', tensor([ 0.2975, -0.1148,  0.0048, -0.0490,  0.0260, -0.0110,  0.1306,  0.0833,
         0.0285,  0.0583,  0.1329, -0.1714,  0.2421,  0.0722,  0.0479, -0.0054,
         0.0571,  0.1106, -0.0055, -0.0227, -0.0840, -0.1552, -0.0237, -0.2076,
        -0.1133,  0.0715,  0.2313,  0.0900, -0.1065,  0.0806,  0.0280,  0.1639])), ('features.1.running_var', tensor([1.5568, 0.3384, 0.8272, 0.3585, 0.1900, 0.5386, 0.3895, 0.2695, 0.3578,
        0.3611, 0.6385, 0.5828, 1.2758, 0.8042, 0.7356, 0.2962, 0.2863, 0.4028,
        1.3006, 0.3611, 0.3719, 0.6442, 0.7124, 0.7705, 0.4138, 0.4542, 0.9674,
        0.7202, 0.2891, 0.5192, 0.6525, 0.6083])), ('features.1.num_batches_tracked', tensor(501)), ('features.4.weight', tensor([[[[ 3.5345e-02,  5.6051e-02,  2.5346e-02],
          [-8.3617e-02, -1.1425e-02, -2.8473e-02],
          [ 5.6844e-03,  6.9338e-02, -9.0794e-02]],

         [[-1.0735e-01, -7.9750e-02,  5.2746e-02],
          [-2.0105e-02, -5.2397e-02,  1.0218e-01],
          [ 9.7982e-02, -6.3094e-02, -1.1837e-02]],

         [[-4.0374e-02, -8.2392e-02, -3.3110e-02],
          [ 1.7668e-02,  1.2303e-01,  4.2434e-02],
          [-1.5014e-01, -4.8605e-02, -6.2860e-02]],

         ...,

         [[-4.2942e-04, -7.9133e-02,  9.5308e-03],
          [-4.8389e-02, -3.3905e-02,  2.9514e-02],
          [ 1.5853e-02,  4.9479e-02, -1.3392e-03]],

         [[ 2.3449e-02, -3.2560e-02, -5.9737e-03],
          [-3.3540e-02, -2.4807e-03, -4.5891e-02],
          [-1.5126e-02,  1.6264e-02,  7.4676e-02]],

         [[ 8.1012e-02,  4.4138e-02, -3.4582e-02],
          [ 5.6843e-02,  1.1141e-01, -8.0233e-04],
          [ 2.3357e-04,  3.7322e-02, -7.1718e-02]]],


        [[[-2.6564e-05,  6.2833e-02, -7.2325e-02],
          [ 3.2512e-02, -3.0408e-02,  1.1878e-02],
          [-3.3908e-03, -5.8856e-03, -3.9839e-02]],

         [[ 8.3758e-02,  4.4158e-02,  3.8739e-02],
          [ 3.7273e-02,  2.7462e-02,  6.8064e-02],
          [ 4.8057e-03,  1.9896e-02,  1.2045e-01]],

         [[-4.8080e-02,  4.8595e-02, -2.5460e-03],
          [-3.7137e-02, -4.7856e-02, -4.6813e-02],
          [-5.2923e-02,  9.3675e-02,  1.2722e-02]],

         ...,

         [[-2.8474e-03, -1.2537e-01,  5.4908e-02],
          [-6.1262e-02,  7.5308e-03, -5.1941e-02],
          [ 2.2539e-02,  1.2609e-01,  8.2227e-02]],

         [[-1.0181e-01,  5.2229e-02, -3.8896e-02],
          [ 1.0672e-01, -3.7956e-02, -2.8202e-02],
          [ 2.7041e-02, -9.0783e-02, -2.2807e-02]],

         [[ 2.7333e-02, -2.6796e-02,  2.5301e-02],
          [ 4.6230e-02,  1.2180e-02,  8.5270e-02],
          [-6.3132e-05, -2.2316e-03,  3.2227e-02]]],


        [[[ 4.8803e-02,  1.3879e-02, -3.6625e-02],
          [ 1.0377e-02, -4.2147e-02, -1.2793e-01],
          [-1.0066e-01, -2.8195e-02, -4.4404e-02]],

         [[ 1.0063e-01,  6.6766e-02, -6.2661e-02],
          [ 3.2869e-02, -2.7257e-02, -6.3681e-02],
          [-2.9190e-02, -1.6034e-01, -1.0808e-01]],

         [[ 1.2654e-01,  3.6819e-02,  8.3413e-03],
          [ 1.5926e-02,  4.4876e-02, -6.1617e-03],
          [-1.1655e-02, -3.4800e-02, -9.3182e-02]],

         ...,

         [[-2.6575e-02, -3.4238e-02,  4.3609e-02],
          [ 4.1595e-02, -1.7330e-02,  7.0528e-02],
          [ 5.2402e-03,  1.6715e-02,  1.2196e-02]],

         [[ 9.7325e-02,  4.4318e-02,  2.8478e-02],
          [-5.7836e-02,  4.6239e-02,  5.8135e-02],
          [-5.9656e-02, -8.3640e-02,  2.9185e-02]],

         [[ 3.7918e-03, -1.9724e-02,  8.1113e-02],
          [ 6.9909e-02, -6.9724e-02,  6.6203e-04],
          [-8.2457e-03, -1.1448e-01, -4.7474e-02]]],


        ...,


        [[[-8.5229e-02, -1.9289e-01,  1.6001e-02],
          [-7.7526e-03, -1.2353e-02, -4.9390e-02],
          [-3.3759e-02,  5.2033e-02,  2.5775e-02]],

         [[ 3.6627e-02, -2.4509e-02, -4.9967e-02],
          [-3.1845e-02, -2.6070e-03, -1.0592e-02],
          [ 1.7852e-01,  6.5475e-02, -5.6050e-02]],

         [[ 1.4052e-02, -2.4852e-02, -6.3317e-02],
          [ 5.1949e-02,  2.2503e-02,  7.3945e-02],
          [-1.1978e-02,  7.9147e-02,  2.7166e-02]],

         ...,

         [[ 3.2468e-02, -8.9695e-03, -3.4400e-02],
          [ 4.0466e-02,  9.5050e-02, -6.9609e-02],
          [ 8.7231e-02, -1.1036e-01, -6.0785e-02]],

         [[ 3.2784e-02, -2.8212e-02, -1.2696e-01],
          [-8.5448e-02,  9.7155e-02,  1.1320e-01],
          [ 1.3065e-01,  7.0548e-03,  6.6310e-02]],

         [[-6.4917e-02,  5.7292e-02, -3.3609e-02],
          [ 4.7450e-02,  2.7845e-03,  7.2237e-02],
          [ 7.3314e-02,  2.7611e-02, -2.2027e-03]]],


        [[[-5.9961e-02,  2.9095e-02,  1.4794e-02],
          [ 3.5880e-02,  7.2275e-04,  3.7692e-02],
          [ 4.5000e-02, -9.2880e-03, -8.3499e-02]],

         [[-1.1135e-01, -1.0258e-01, -9.1831e-02],
          [ 8.4865e-02,  3.1708e-03, -4.6694e-02],
          [ 2.5139e-02, -7.8222e-02, -9.5238e-02]],

         [[ 3.7021e-02,  2.5912e-02,  6.3936e-04],
          [-6.7240e-02,  5.3444e-02,  9.1105e-03],
          [ 5.3063e-02, -1.0223e-01, -6.9389e-02]],

         ...,

         [[-1.1778e-02, -6.2502e-02, -1.0621e-01],
          [-4.9620e-02, -1.5699e-02,  1.9830e-02],
          [ 5.3042e-02, -2.8549e-02, -7.4188e-02]],

         [[ 4.1634e-02,  1.0398e-01,  2.2502e-02],
          [-9.7522e-02,  1.5053e-01, -8.3430e-02],
          [-9.7954e-02,  3.0003e-02, -3.7561e-03]],

         [[ 1.0380e-02, -1.9721e-02, -9.2606e-02],
          [-3.2301e-02,  2.9467e-02,  1.3277e-01],
          [ 2.3714e-02,  1.9905e-02, -1.4126e-01]]],


        [[[-8.3831e-02,  7.2589e-02,  5.4965e-02],
          [-1.3789e-02,  4.2594e-02, -9.1149e-02],
          [-3.1935e-02, -1.8715e-02,  2.4296e-02]],

         [[ 5.1705e-03,  2.0374e-02,  7.5503e-03],
          [-2.1107e-01,  5.7207e-02, -2.2870e-02],
          [ 4.6024e-02,  8.4466e-02,  4.8515e-02]],

         [[ 1.0156e-02, -2.6286e-02,  1.5126e-02],
          [-8.3729e-02, -7.9834e-02, -2.8038e-02],
          [-3.4004e-02,  3.0620e-02, -3.5644e-02]],

         ...,

         [[ 7.2235e-02, -7.9279e-02,  1.2965e-02],
          [-1.3333e-02, -1.3383e-03,  6.3699e-02],
          [-7.8943e-02,  4.8812e-02,  2.3409e-02]],

         [[-2.6400e-02, -1.5083e-02, -3.7117e-02],
          [ 1.2211e-01, -3.1380e-02, -4.8402e-02],
          [ 1.0573e-01, -2.0293e-02, -5.2067e-02]],

         [[-4.2081e-02,  9.8330e-02,  1.6424e-03],
          [-5.5659e-02, -9.4650e-02,  1.8995e-02],
          [-3.5568e-02,  3.8343e-02,  2.2919e-02]]]])), ('features.4.bias', tensor([ 4.6221e-09, -3.4578e-10, -2.4387e-09, -2.7273e-09, -5.6639e-09,
        -7.9304e-09,  6.7126e-09,  6.8118e-09, -2.0698e-08, -6.6182e-10,
        -1.3056e-08, -2.2323e-09,  3.2219e-09, -3.2411e-09,  6.2941e-09,
         1.8646e-10,  2.1250e-10, -1.2350e-08, -3.3574e-09, -1.2786e-10,
        -3.5589e-09,  7.4738e-10, -9.9094e-09, -5.8485e-09,  3.7515e-09,
        -2.2396e-09, -1.2232e-09,  3.5024e-09,  2.0673e-10, -1.2970e-08,
         1.7380e-09, -4.9337e-11, -1.1309e-08, -7.7189e-09,  5.4253e-09,
        -8.8385e-09, -4.0772e-09, -8.9530e-10, -8.5051e-10,  4.6461e-09,
        -1.6008e-09,  3.8326e-10,  7.1335e-09,  6.8541e-09, -1.3502e-10,
        -5.9272e-09, -1.3383e-08,  3.3668e-09, -2.2599e-09, -1.3417e-09,
         2.1315e-09,  3.0031e-09,  1.7704e-09,  2.5836e-09, -1.0967e-08,
         1.6638e-09,  4.1037e-09, -3.9074e-09,  3.2878e-09,  1.1941e-10,
        -1.6907e-09, -2.5239e-09, -7.3843e-10,  1.6921e-09])), ('features.5.weight', tensor([0.9700, 0.9777, 1.0091, 1.0056, 0.9843, 1.0159, 0.9748, 1.0099, 0.9888,
        1.0181, 0.9918, 0.9831, 0.9850, 0.9870, 1.0009, 1.0208, 1.0011, 1.0176,
        1.0272, 1.0466, 1.0218, 0.9525, 0.9849, 1.0055, 0.9851, 1.0109, 1.0029,
        0.9751, 0.9736, 0.9737, 0.9706, 0.9867, 1.0037, 1.0162, 1.0141, 0.9879,
        1.0433, 0.9881, 1.0322, 0.9963, 0.9844, 0.9785, 0.9843, 0.9946, 0.9930,
        1.0092, 1.0290, 0.9735, 0.9824, 1.0011, 0.9943, 1.0026, 0.9905, 1.0302,
        1.0246, 1.0208, 0.9804, 1.0326, 0.9928, 1.0168, 0.9914, 1.0151, 0.9784,
        1.0515])), ('features.5.bias', tensor([-1.9536e-02, -8.0198e-03, -3.3488e-03, -1.1603e-02, -8.3294e-03,
        -1.3560e-02, -1.2644e-02, -1.6270e-02, -1.7292e-02,  1.0289e-02,
         8.7496e-03, -3.0011e-02, -2.4536e-02, -2.4909e-02, -9.3477e-03,
        -8.3865e-03,  1.1194e-03, -1.0482e-02,  9.2146e-03,  1.3966e-02,
         5.1865e-03, -3.5262e-02, -2.5212e-03, -4.9831e-03, -2.0570e-02,
        -2.1063e-02, -1.4211e-02, -1.7829e-02, -1.3255e-02, -2.8144e-02,
        -1.9601e-02, -1.4006e-02,  7.0124e-03, -8.4166e-03, -2.1238e-02,
        -6.5730e-03, -1.2688e-02, -1.7064e-02, -3.2289e-03, -3.3954e-03,
        -1.8756e-02, -4.4240e-02, -9.7423e-04, -4.6843e-03, -6.1723e-03,
        -9.0951e-03,  2.3818e-03, -1.0718e-02, -1.3964e-03, -8.8672e-03,
         4.0084e-03, -7.5654e-03, -8.8771e-03, -1.2890e-02, -8.2883e-05,
         2.1972e-02, -1.2636e-02,  1.9645e-02,  4.2887e-03,  1.4318e-03,
         5.4890e-03, -1.6532e-02,  5.9055e-03,  1.0924e-03])), ('features.5.running_mean', tensor([ 0.4242, -0.7156,  0.2003, -1.2547,  1.1022, -0.5111, -0.1271, -0.9591,
        -0.0852, -1.3437, -0.3303,  0.6008,  0.0066,  0.5732, -0.5199, -1.9674,
        -0.4894, -0.3777, -0.5859, -0.3657,  0.3088,  0.2668,  0.1383,  0.7740,
         0.5920, -0.2957, -0.4358,  0.2620, -1.0247, -0.3113,  1.1505, -0.1781,
         0.6093, -1.2524, -0.4019, -0.4211, -0.6190,  0.8921, -1.2142, -0.2188,
        -0.9292,  0.1952,  0.8610, -0.9382, -0.7251, -1.6752, -0.5482, -0.4760,
         1.3364,  1.3999,  1.1256,  0.3751,  0.1184, -0.3246, -1.8201, -0.4176,
        -0.2494, -0.4396, -0.4940, -0.3411, -1.1910,  0.0179, -0.1875,  0.2622])), ('features.5.running_var', tensor([1.1213, 0.6965, 0.8719, 0.8953, 0.8762, 0.6808, 0.8252, 1.1087, 1.1381,
        0.7630, 0.8513, 0.7839, 0.9486, 1.2132, 1.2129, 1.4186, 1.0185, 0.2813,
        0.5723, 0.7875, 0.5887, 0.8771, 0.5585, 1.0146, 0.7266, 0.6333, 0.4628,
        0.7631, 0.7829, 0.8233, 0.8908, 0.4619, 1.0369, 0.8549, 0.5825, 0.3843,
        1.4655, 0.9234, 0.5466, 0.7370, 0.7826, 0.5060, 0.6823, 0.6632, 0.6744,
        0.8378, 0.9415, 1.2172, 1.0422, 0.7285, 0.8099, 0.5681, 0.6650, 0.9890,
        1.0050, 0.4703, 0.7898, 1.1358, 0.5295, 0.9717, 0.7654, 0.5414, 0.5044,
        0.4562])), ('features.5.num_batches_tracked', tensor(501)), ('features.8.weight', tensor([[[[-1.1552e-01,  5.9751e-03, -9.4489e-03],
          [-6.2838e-02,  2.1024e-02,  2.1317e-02],
          [-5.8746e-03,  3.6996e-02, -3.0222e-02]],

         [[ 4.8430e-02, -3.6970e-02, -5.3228e-02],
          [ 4.3225e-02, -1.4811e-01,  6.6204e-02],
          [ 1.1703e-01, -2.5265e-02,  6.8753e-02]],

         [[ 6.4924e-02, -5.3178e-02, -1.5878e-01],
          [-1.3977e-02,  3.9001e-02,  3.3655e-02],
          [-3.1987e-02,  4.3561e-02,  4.9895e-03]],

         ...,

         [[ 2.5613e-02, -1.0549e-01,  9.0804e-02],
          [ 6.6616e-03, -1.5983e-02, -3.6502e-02],
          [-2.7059e-02, -1.8325e-01, -3.2965e-02]],

         [[ 2.1415e-02, -1.2760e-02,  5.9985e-02],
          [ 3.6660e-02, -5.0636e-02,  2.5068e-02],
          [ 2.9725e-03,  1.6725e-02, -3.6413e-02]],

         [[ 3.9618e-02,  3.7223e-02, -2.1331e-02],
          [-3.8788e-02, -2.5413e-02,  1.0443e-01],
          [ 5.8153e-02, -6.5671e-03,  1.2243e-02]]],


        [[[ 7.6117e-02, -1.0415e-03, -2.0098e-02],
          [ 7.2489e-02, -6.6540e-02,  5.3386e-02],
          [-9.2988e-02, -8.3246e-02,  3.7370e-02]],

         [[-7.0385e-02,  2.4589e-02, -6.9260e-02],
          [-1.2337e-02, -2.0252e-02, -6.5184e-02],
          [ 4.9954e-04, -7.3294e-02,  5.8321e-02]],

         [[-3.2605e-02,  1.1140e-03, -6.2852e-04],
          [ 4.4300e-02, -1.1627e-02,  1.6697e-02],
          [-5.2021e-02,  5.3113e-02, -4.5589e-02]],

         ...,

         [[ 6.0229e-02, -1.3776e-01,  1.7041e-02],
          [-1.3124e-02, -5.9520e-03, -4.4913e-02],
          [ 8.0769e-02, -9.0375e-02, -1.5555e-01]],

         [[-7.3866e-03,  1.0394e-02,  2.9364e-02],
          [ 3.1700e-02,  1.9662e-02, -1.2172e-02],
          [ 9.6067e-02, -5.3607e-02,  2.9893e-02]],

         [[-3.8842e-02, -4.2059e-02, -4.5338e-02],
          [-4.4972e-02, -2.3679e-02,  1.0865e-02],
          [-1.1442e-01,  1.2550e-02, -1.1761e-02]]],


        [[[ 8.6667e-02,  4.3359e-02,  2.5962e-02],
          [-1.3934e-01,  7.7198e-03, -4.0829e-02],
          [ 6.9106e-02, -3.3729e-02,  7.7132e-02]],

         [[-1.8931e-02,  4.2741e-03,  3.1770e-02],
          [-5.8178e-02,  6.3579e-03,  2.1998e-03],
          [-7.4854e-02,  1.3540e-02,  2.9548e-02]],

         [[-4.9215e-03,  3.9669e-02,  2.0538e-02],
          [ 6.8958e-02,  1.1036e-01, -2.8302e-02],
          [ 6.3239e-03,  8.6298e-02,  6.7026e-02]],

         ...,

         [[-6.8466e-02, -4.5472e-03,  1.3023e-02],
          [ 4.7644e-02,  6.2123e-02,  5.3318e-02],
          [ 2.8807e-02, -3.8227e-02, -9.4905e-02]],

         [[-1.5836e-01,  5.1234e-02,  9.0841e-02],
          [ 6.5292e-03, -5.4169e-02, -4.0570e-02],
          [ 2.4879e-02,  3.1330e-02, -7.8684e-02]],

         [[ 6.4994e-02, -2.3028e-02,  5.4903e-02],
          [-2.9412e-02,  2.4475e-02, -3.9166e-02],
          [-2.6081e-02,  5.0625e-02, -1.1410e-01]]],


        ...,


        [[[-2.2254e-02, -4.1140e-02, -3.6349e-02],
          [ 5.7792e-02, -6.5827e-02, -1.0470e-01],
          [-3.4913e-02, -8.4936e-02, -8.3527e-02]],

         [[ 2.7832e-02, -1.7962e-02,  6.2697e-02],
          [-4.2358e-02,  1.4903e-02,  6.5367e-02],
          [ 2.6545e-02,  4.7727e-02, -1.0256e-01]],

         [[ 5.3925e-03, -2.3193e-02,  7.7254e-02],
          [-2.5404e-03, -8.7973e-03,  4.2587e-02],
          [-3.8331e-02, -7.2628e-02,  1.5057e-02]],

         ...,

         [[-6.9644e-02, -1.3902e-02, -8.7654e-02],
          [-2.4860e-02, -6.7417e-02,  1.7162e-02],
          [-1.2491e-01,  4.0734e-02, -1.8802e-02]],

         [[ 6.8955e-02,  7.8602e-02,  2.8222e-02],
          [ 1.7323e-02, -6.1579e-02, -1.3404e-02],
          [ 1.0542e-01, -9.4028e-03,  6.9827e-02]],

         [[-6.7147e-02,  3.1198e-02, -2.7271e-02],
          [ 1.4739e-02,  3.1763e-02,  5.7406e-02],
          [-7.6491e-02, -8.5218e-02, -8.4846e-02]]],


        [[[ 7.2845e-03,  8.7830e-02, -4.2981e-02],
          [ 2.5071e-02,  3.5014e-02, -3.2194e-03],
          [-1.1193e-04, -2.2006e-02, -5.7147e-02]],

         [[-1.1669e-01, -5.2189e-02,  4.6331e-02],
          [ 1.8000e-03,  8.5833e-02,  2.6881e-02],
          [ 5.1813e-02, -2.1368e-02,  6.5532e-02]],

         [[-7.3536e-02,  1.8348e-02, -5.8158e-02],
          [-3.3966e-02, -7.6977e-03,  3.9726e-02],
          [ 8.0612e-02,  1.3832e-02,  3.0062e-02]],

         ...,

         [[-3.8556e-02,  1.1064e-03, -2.2090e-02],
          [ 1.8615e-02, -2.3587e-02, -3.5003e-03],
          [ 8.4436e-03,  7.4319e-02,  4.8353e-02]],

         [[ 1.8072e-02, -2.4346e-02, -5.1884e-02],
          [ 1.6080e-02, -4.9206e-02,  4.4427e-02],
          [-4.9708e-03,  5.5863e-02,  5.6400e-03]],

         [[-5.0003e-02, -1.9194e-02,  1.1399e-02],
          [-6.6718e-02,  1.6642e-02, -6.8750e-02],
          [ 1.6935e-02, -3.8470e-02, -4.9774e-02]]],


        [[[ 5.3568e-02,  4.4000e-02, -1.1367e-02],
          [-3.1580e-02, -6.8545e-04,  5.4635e-03],
          [ 4.9486e-02, -1.5535e-01, -4.2039e-02]],

         [[ 7.7769e-02,  1.4084e-02, -3.2222e-02],
          [-1.1856e-02, -7.9408e-02,  8.8333e-02],
          [-2.2977e-03, -8.0292e-03,  5.3530e-02]],

         [[-5.6605e-02, -1.0699e-02,  2.4386e-02],
          [-5.5703e-02,  7.7356e-02, -9.9087e-02],
          [-3.7423e-03,  6.6879e-02,  2.0034e-02]],

         ...,

         [[ 8.8092e-02, -8.2865e-02,  5.3337e-02],
          [ 5.6382e-02, -4.0742e-02,  6.8850e-02],
          [ 7.4068e-02,  3.8769e-02, -7.0002e-02]],

         [[ 1.3607e-02, -5.4447e-02, -7.7750e-02],
          [-9.0323e-02, -3.2821e-02, -7.7230e-03],
          [-6.8284e-02, -9.4777e-02, -6.4693e-02]],

         [[-2.5574e-02,  1.0438e-01, -5.4154e-02],
          [-1.8508e-02,  3.2207e-02, -7.3515e-03],
          [-2.8318e-02,  6.8989e-02, -2.7271e-02]]]])), ('features.8.bias', tensor([ 1.0946e-09, -6.7082e-10,  9.5750e-09, -1.9843e-09,  1.7902e-09,
         3.7769e-09,  1.0513e-09, -4.8597e-10,  4.4067e-09,  6.1718e-09,
         3.7659e-09, -6.6315e-10, -2.2323e-10, -5.5415e-09,  5.4547e-10,
         4.9012e-09, -2.3003e-09, -3.7217e-09, -1.8132e-09, -1.0436e-08,
        -3.1179e-09,  4.4130e-09,  1.4515e-09, -5.4008e-09, -5.6070e-11,
        -1.2535e-09, -5.8656e-10, -2.8608e-09,  7.9274e-10,  2.0646e-09,
        -1.7138e-09,  4.3043e-09,  6.9172e-10, -2.0601e-09,  6.9682e-10,
        -3.8006e-09, -2.2162e-09, -9.4438e-09,  3.0687e-09, -8.5941e-10,
         1.0952e-09,  3.4556e-09,  3.8250e-09, -2.0835e-10,  8.5190e-10,
         9.6250e-10,  5.3260e-09, -2.9277e-09, -1.1213e-09,  3.4665e-10,
        -4.2147e-09,  3.8939e-09, -2.1640e-09, -1.6361e-09,  1.3181e-09,
         6.6743e-09,  4.2272e-10,  2.8608e-09, -4.1091e-10,  1.7667e-09,
         1.6294e-09,  1.9652e-09, -5.0252e-11,  3.8160e-09])), ('features.9.weight', tensor([0.9970, 0.9799, 1.0011, 0.9886, 1.0067, 1.0274, 0.9928, 0.9694, 1.0179,
        0.9928, 1.0090, 0.9858, 1.0003, 0.9957, 0.9973, 0.9970, 0.9995, 1.0145,
        0.9946, 1.0127, 1.0153, 1.0221, 0.9906, 1.0157, 0.9597, 1.0065, 1.0024,
        0.9850, 0.9957, 1.0042, 1.0140, 0.9946, 1.0000, 0.9911, 1.0009, 1.0008,
        1.0301, 0.9922, 1.0153, 0.9870, 1.0044, 0.9850, 0.9968, 1.0011, 0.9926,
        1.0248, 1.0192, 0.9685, 1.0041, 0.9853, 0.9972, 1.0033, 1.0045, 0.9961,
        1.0207, 1.0038, 0.9762, 1.0110, 0.9990, 1.0075, 1.0013, 0.9759, 0.9795,
        0.9843])), ('features.9.bias', tensor([-0.0151, -0.0330, -0.0313, -0.0371, -0.0109, -0.0181, -0.0231, -0.0363,
        -0.0191, -0.0279, -0.0223, -0.0471, -0.0140, -0.0254, -0.0309, -0.0208,
        -0.0215, -0.0270, -0.0309, -0.0280, -0.0032, -0.0242, -0.0321, -0.0346,
        -0.0374, -0.0247, -0.0312, -0.0398, -0.0315, -0.0350, -0.0275, -0.0327,
        -0.0014, -0.0310, -0.0265, -0.0187,  0.0011, -0.0388, -0.0263, -0.0206,
        -0.0208, -0.0463, -0.0314, -0.0201, -0.0456, -0.0071, -0.0058, -0.0331,
        -0.0231, -0.0303, -0.0216, -0.0292, -0.0236, -0.0366, -0.0322, -0.0140,
        -0.0365, -0.0214, -0.0348, -0.0526, -0.0276, -0.0516, -0.0307, -0.0355])), ('features.9.running_mean', tensor([-0.4657, -0.1585,  0.9005, -1.8626,  0.0256, -0.3667,  0.0334, -0.6707,
        -0.4693, -2.0121,  1.0330, -0.2591, -0.7588,  0.6219,  0.5094, -0.0672,
        -1.4204, -1.3831, -1.7975, -0.4974, -1.3657, -1.8949, -0.6481,  0.8547,
         1.3371, -1.4154, -1.1964,  0.9840, -0.8483, -1.0033,  0.8669, -0.7543,
         0.4188, -0.1089, -0.0219,  1.1565, -0.4629, -0.9154, -0.7420, -0.2641,
        -0.2600, -0.2805,  1.4509, -0.5865, -0.4881,  0.2671,  0.6935,  1.2335,
        -1.1090,  0.8495,  0.8772, -1.8055,  0.2977, -0.9230, -0.8256,  0.1655,
         0.3280,  0.7037,  1.1592, -1.4779, -0.8445, -1.5476,  0.9003, -0.7176])), ('features.9.running_var', tensor([1.3513, 0.8074, 1.0239, 1.1974, 1.2069, 1.1239, 1.1516, 1.0335, 1.4056,
        1.0139, 1.1270, 1.3681, 0.9255, 1.1788, 1.2261, 1.2400, 1.2398, 1.3480,
        1.1877, 1.0271, 1.7956, 1.4876, 1.0410, 0.9435, 1.5357, 0.8084, 1.8608,
        1.1129, 1.4656, 1.5004, 1.1232, 1.7458, 0.8503, 0.8087, 1.0133, 0.8101,
        0.8022, 1.2182, 1.7093, 1.3620, 0.9374, 1.5323, 1.1026, 0.9095, 1.3001,
        0.8102, 1.1530, 1.0884, 0.8057, 1.0915, 1.1455, 1.2533, 0.9656, 1.4954,
        1.4670, 1.0153, 0.9577, 0.7297, 0.8261, 1.5988, 1.3318, 1.3642, 1.0366,
        1.0061])), ('features.9.num_batches_tracked', tensor(501)), ('denses.0.weight', tensor([[ 1.6444e-02,  5.8031e-03,  5.1197e-03,  ..., -1.0609e-02,
         -7.9865e-03,  1.8161e-02],
        [ 4.6690e-03, -9.1465e-03, -3.8334e-04,  ..., -7.3015e-03,
          9.6967e-03,  4.3504e-03],
        [ 1.9339e-03, -3.2911e-03,  7.2384e-03,  ..., -3.9808e-03,
         -1.4241e-02,  1.0414e-02],
        ...,
        [ 1.0507e-02,  8.9262e-03, -7.0205e-03,  ..., -1.4341e-03,
          2.6595e-02, -3.9090e-03],
        [-5.9198e-03, -9.6293e-05, -2.5678e-03,  ...,  4.5864e-03,
          8.6839e-03, -5.0589e-03],
        [-4.5458e-03,  1.8774e-02,  2.8898e-03,  ..., -6.8039e-03,
         -1.1543e-02,  3.5826e-03]])), ('denses.0.bias', tensor([ 5.5041e-04, -9.4663e-04,  1.3847e-03, -9.8862e-04,  7.3170e-04,
         6.6588e-04, -1.2858e-04, -7.2739e-04, -1.1643e-03,  4.3115e-04,
        -4.5300e-04, -3.7851e-04, -2.5813e-04, -1.7095e-03, -7.6458e-04,
        -9.6492e-04, -6.0010e-03,  6.7976e-04, -8.3616e-04, -8.8008e-05,
        -1.1646e-04, -1.4953e-03, -2.4582e-03,  2.9238e-03,  5.9930e-04,
        -3.3741e-03,  1.4709e-03, -1.4632e-04,  6.4829e-04,  1.7626e-03,
         2.1869e-03,  2.0030e-04,  1.2533e-03, -1.1942e-03, -4.3784e-04,
         4.3232e-05,  2.7640e-03, -7.7614e-04,  5.7680e-04, -4.6570e-04,
         1.8079e-03,  3.7879e-03, -5.0244e-04, -3.3567e-03,  2.2558e-03,
        -4.0978e-03, -2.4838e-03, -1.1002e-04,  1.3180e-03, -1.9927e-03,
         2.7726e-04,  1.4213e-03, -3.8132e-04,  1.8084e-03, -1.4595e-03,
         3.9767e-03,  1.9082e-03, -1.6034e-03, -5.4953e-04,  1.5833e-03,
         2.1647e-03, -4.0821e-04, -7.5872e-04,  1.3563e-03,  8.0613e-04,
         2.1610e-04,  1.7912e-03, -6.4508e-04,  2.8748e-04,  7.3805e-04,
        -6.3072e-04,  4.4514e-04, -2.0390e-03, -1.3111e-03,  9.1487e-04,
        -4.2045e-04,  4.5035e-03, -4.5203e-04, -9.7391e-04,  1.4383e-03,
         5.1104e-03, -7.4479e-04, -2.4126e-04, -1.3335e-03, -5.4220e-04,
         5.2394e-04,  1.4987e-03,  2.0427e-03, -4.9594e-03,  5.9064e-03,
        -3.2624e-03,  9.4520e-04,  2.0143e-03,  1.1054e-03,  3.8271e-03,
         2.1751e-04,  9.8404e-04,  3.3892e-04, -2.1180e-04,  1.1550e-03,
         9.8849e-04, -1.1891e-03,  3.8251e-04,  2.0465e-03,  1.7609e-03,
         3.6011e-03,  1.1856e-03, -2.7771e-03, -3.6021e-04, -7.0305e-04,
        -4.2094e-03, -1.7079e-03, -2.1884e-04,  5.9608e-03, -2.0807e-03,
         4.8058e-04,  9.0274e-05,  2.7538e-04, -2.8844e-03, -1.5687e-03,
        -1.8982e-03, -5.2665e-04, -2.1548e-03,  3.7378e-04, -1.3641e-03,
         1.8837e-03,  3.7859e-04, -2.4101e-03])), ('denses.1.weight', tensor([[ 0.0034,  0.0532,  0.0048,  ..., -0.0746, -0.0157,  0.0627],
        [-0.1224, -0.0546, -0.0911,  ...,  0.0210, -0.0271, -0.0375],
        [ 0.0069,  0.0271,  0.0433,  ..., -0.0470,  0.0360,  0.0402],
        ...,
        [ 0.0664,  0.0344,  0.0531,  ..., -0.0353,  0.0092, -0.0131],
        [-0.0332, -0.1057, -0.0970,  ...,  0.0009, -0.0339, -0.0268],
        [-0.0433, -0.0022, -0.0101,  ...,  0.0150,  0.0714, -0.1376]])), ('denses.1.bias', tensor([-0.0362, -0.0211,  0.0233,  0.0673,  0.0428, -0.0314, -0.0379,  0.0113,
        -0.0515,  0.0333]))]), 16666.666666666668)