OrderedDict([('features.0.weight', tensor([[[[-0.1144,  0.0142, -0.0026],
          [-0.0558,  0.0315,  0.0278],
          [-0.0022,  0.0411, -0.0328]],

         [[ 0.0393, -0.0456, -0.0578],
          [ 0.0388, -0.1450,  0.0672],
          [ 0.1169, -0.0246,  0.0709]],

         [[ 0.0838, -0.0345, -0.1534],
          [-0.0047,  0.0440,  0.0239],
          [-0.0409,  0.0324, -0.0159]],

         ...,

         [[ 0.0279, -0.1015,  0.0946],
          [-0.0066, -0.0197, -0.0353],
          [-0.0468, -0.1861, -0.0343]],

         [[ 0.0256, -0.0067,  0.0603],
          [ 0.0314, -0.0536,  0.0168],
          [-0.0131,  0.0066, -0.0489]],

         [[ 0.0519,  0.0387, -0.0275],
          [-0.0400, -0.0270,  0.0986],
          [ 0.0599, -0.0008,  0.0183]]],


        [[[ 0.0678, -0.0055, -0.0292],
          [ 0.0688, -0.0621,  0.0506],
          [-0.0937, -0.0728,  0.0372]],

         [[-0.0740,  0.0201, -0.0731],
          [-0.0115, -0.0208, -0.0712],
          [ 0.0034, -0.0692,  0.0579]],

         [[-0.0338,  0.0116, -0.0084],
          [ 0.0367, -0.0037,  0.0131],
          [-0.0525,  0.0658, -0.0454]],

         ...,

         [[ 0.0598, -0.1336,  0.0177],
          [-0.0163, -0.0037, -0.0434],
          [ 0.0846, -0.0828, -0.1437]],

         [[-0.0030,  0.0246,  0.0257],
          [ 0.0196,  0.0188, -0.0195],
          [ 0.0860, -0.0485,  0.0231]],

         [[-0.0255, -0.0368, -0.0498],
          [-0.0349, -0.0036,  0.0180],
          [-0.1126,  0.0169, -0.0148]]],


        [[[ 0.0832,  0.0437,  0.0328],
          [-0.1434,  0.0069, -0.0341],
          [ 0.0632, -0.0386,  0.0815]],

         [[-0.0115,  0.0145,  0.0489],
          [-0.0578,  0.0106,  0.0126],
          [-0.0776,  0.0117,  0.0284]],

         [[-0.0086,  0.0351,  0.0248],
          [ 0.0614,  0.1024, -0.0315],
          [ 0.0010,  0.0825,  0.0689]],

         ...,

         [[-0.0541,  0.0029,  0.0211],
          [ 0.0573,  0.0664,  0.0514],
          [ 0.0358, -0.0352, -0.0971]],

         [[-0.1830,  0.0376,  0.0807],
          [-0.0013, -0.0505, -0.0388],
          [ 0.0160,  0.0346, -0.0774]],

         [[ 0.0667, -0.0063,  0.0786],
          [-0.0171,  0.0488, -0.0115],
          [-0.0126,  0.0739, -0.1000]]],


        ...,


        [[[-0.0271, -0.0423, -0.0419],
          [ 0.0584, -0.0623, -0.1043],
          [-0.0331, -0.0776, -0.0807]],

         [[ 0.0306, -0.0153,  0.0639],
          [-0.0337,  0.0200,  0.0701],
          [ 0.0269,  0.0424, -0.1112]],

         [[ 0.0035, -0.0243,  0.0744],
          [ 0.0046,  0.0053,  0.0512],
          [-0.0353, -0.0636,  0.0207]],

         ...,

         [[-0.0566, -0.0026, -0.0785],
          [-0.0195, -0.0622,  0.0206],
          [-0.1123,  0.0509, -0.0138]],

         [[ 0.0558,  0.0694,  0.0235],
          [ 0.0172, -0.0644, -0.0123],
          [ 0.0999, -0.0175,  0.0715]],

         [[-0.0759,  0.0291, -0.0315],
          [ 0.0195,  0.0344,  0.0578],
          [-0.0739, -0.0833, -0.0862]]],


        [[[ 0.0018,  0.0836, -0.0403],
          [ 0.0300,  0.0376,  0.0012],
          [ 0.0054, -0.0214, -0.0590]],

         [[-0.1262, -0.0575,  0.0468],
          [-0.0008,  0.0845,  0.0285],
          [ 0.0481, -0.0228,  0.0643]],

         [[-0.0703,  0.0190, -0.0578],
          [-0.0266, -0.0023,  0.0445],
          [ 0.0805,  0.0076,  0.0234]],

         ...,

         [[-0.0407, -0.0019, -0.0260],
          [ 0.0091, -0.0306, -0.0034],
          [-0.0053,  0.0675,  0.0479]],

         [[ 0.0148, -0.0214, -0.0564],
          [ 0.0207, -0.0360,  0.0405],
          [ 0.0076,  0.0716,  0.0132]],

         [[-0.0504, -0.0197,  0.0118],
          [-0.0632,  0.0165, -0.0698],
          [ 0.0147, -0.0309, -0.0364]]],


        [[[ 0.0564,  0.0531, -0.0069],
          [-0.0330,  0.0028,  0.0072],
          [ 0.0454, -0.1588, -0.0453]],

         [[ 0.0803,  0.0179, -0.0348],
          [-0.0110, -0.0821,  0.0812],
          [ 0.0007, -0.0075,  0.0545]],

         [[-0.0576, -0.0182,  0.0170],
          [-0.0534,  0.0774, -0.0970],
          [-0.0072,  0.0597,  0.0161]],

         ...,

         [[ 0.0825, -0.0911,  0.0390],
          [ 0.0632, -0.0351,  0.0695],
          [ 0.0738,  0.0372, -0.0720]],

         [[ 0.0079, -0.0528, -0.0879],
          [-0.0963, -0.0320, -0.0182],
          [-0.0750, -0.0934, -0.0666]],

         [[-0.0275,  0.1033, -0.0645],
          [-0.0101,  0.0309, -0.0183],
          [-0.0200,  0.0777, -0.0221]]]])), ('features.0.bias', tensor([0., 0., 0., 0., 0., 0., 0., 0., 0., 0., 0., 0., 0., 0., 0., 0., 0., 0., 0., 0., 0., 0., 0., 0.,
        0., 0., 0., 0., 0., 0., 0., 0., 0., 0., 0., 0., 0., 0., 0., 0., 0., 0., 0., 0., 0., 0., 0., 0.,
        0., 0., 0., 0., 0., 0., 0., 0., 0., 0., 0., 0., 0., 0., 0., 0.])), ('features.1.weight', tensor([1., 1., 1., 1., 1., 1., 1., 1., 1., 1., 1., 1., 1., 1., 1., 1., 1., 1.,
        1., 1., 1., 1., 1., 1., 1., 1., 1., 1., 1., 1., 1., 1., 1., 1., 1., 1.,
        1., 1., 1., 1., 1., 1., 1., 1., 1., 1., 1., 1., 1., 1., 1., 1., 1., 1.,
        1., 1., 1., 1., 1., 1., 1., 1., 1., 1.])), ('features.1.bias', tensor([0., 0., 0., 0., 0., 0., 0., 0., 0., 0., 0., 0., 0., 0., 0., 0., 0., 0., 0., 0., 0., 0., 0., 0.,
        0., 0., 0., 0., 0., 0., 0., 0., 0., 0., 0., 0., 0., 0., 0., 0., 0., 0., 0., 0., 0., 0., 0., 0.,
        0., 0., 0., 0., 0., 0., 0., 0., 0., 0., 0., 0., 0., 0., 0., 0.])), ('features.1.running_mean', tensor([-7.8190e-02, -6.6319e-03,  1.4508e-01, -1.5540e-01, -1.6608e-02,
        -4.6104e-02,  5.4615e-02, -4.1145e-02,  9.3871e-02, -2.0233e-01,
         5.6652e-02,  7.7237e-03, -4.4079e-02,  1.5496e-01,  3.2460e-02,
        -6.2019e-02, -4.5654e-02, -6.9336e-02, -1.3687e-01, -9.4727e-02,
        -7.6574e-02, -2.7509e-02, -2.1904e-02, -9.5514e-03,  1.6696e-01,
        -8.1711e-02, -4.8998e-02,  7.7438e-02, -4.5270e-02, -7.5770e-02,
         9.7213e-02,  2.5942e-02,  9.1171e-02, -7.9627e-02, -2.0175e-02,
         1.0822e-01, -4.1240e-02, -6.4954e-02,  5.9622e-02, -6.5702e-03,
         2.8558e-05, -1.8858e-02,  1.6438e-01, -4.1165e-03,  4.5895e-02,
        -6.5963e-02, -6.8791e-02,  1.1348e-01, -2.5823e-02,  6.6954e-02,
         1.1456e-01, -1.8013e-01,  2.2912e-02, -1.4275e-01,  1.8029e-02,
         5.1382e-02,  6.5772e-02, -9.5623e-02,  9.0636e-02,  2.4120e-02,
        -4.7554e-02, -1.4611e-01,  8.3549e-02, -8.7223e-02])), ('features.1.running_var', tensor([0.9792, 1.0403, 0.9961, 1.0244, 0.9863, 0.9821, 0.9940, 0.9815, 0.9751,
        0.9803, 0.9937, 0.9994, 0.9561, 1.0379, 0.9819, 0.9689, 0.9861, 0.9817,
        0.9997, 1.0000, 0.9960, 1.0067, 1.0425, 0.9659, 1.0641, 0.9884, 0.9840,
        0.9630, 1.0201, 0.9932, 1.0527, 1.0109, 1.0022, 0.9757, 1.0086, 1.0119,
        0.9559, 1.0226, 0.9904, 1.0068, 0.9941, 0.9958, 0.9747, 0.9717, 1.0164,
        0.9670, 0.9752, 0.9987, 0.9731, 0.9733, 1.0086, 1.0145, 0.9653, 0.9948,
        0.9779, 0.9819, 0.9649, 0.9715, 0.9546, 0.9744, 1.0367, 0.9909, 0.9728,
        1.0228])), ('features.1.num_batches_tracked', tensor(1)), ('denses.0.weight', tensor([[ 0.0192,  0.0115,  0.0070,  ..., -0.0082, -0.0089,  0.0100],
        [ 0.0059, -0.0060,  0.0017,  ..., -0.0006,  0.0125, -0.0011],
        [ 0.0049,  0.0008,  0.0078,  ...,  0.0023, -0.0111,  0.0003],
        ...,
        [ 0.0118,  0.0072, -0.0051,  ..., -0.0073,  0.0218, -0.0088],
        [-0.0058,  0.0039,  0.0007,  ...,  0.0048,  0.0093, -0.0078],
        [-0.0019,  0.0218,  0.0013,  ..., -0.0002, -0.0056,  0.0070]])), ('denses.0.bias', tensor([0., 0., 0., 0., 0., 0., 0., 0., 0., 0., 0., 0., 0., 0., 0., 0., 0., 0., 0., 0., 0., 0., 0., 0.,
        0., 0., 0., 0., 0., 0., 0., 0., 0., 0., 0., 0., 0., 0., 0., 0., 0., 0., 0., 0., 0., 0., 0., 0.,
        0., 0., 0., 0., 0., 0., 0., 0., 0., 0., 0., 0., 0., 0., 0., 0., 0., 0., 0., 0., 0., 0., 0., 0.,
        0., 0., 0., 0., 0., 0., 0., 0., 0., 0., 0., 0., 0., 0., 0., 0., 0., 0., 0., 0., 0., 0., 0., 0.,
        0., 0., 0., 0., 0., 0., 0., 0., 0., 0., 0., 0., 0., 0., 0., 0., 0., 0., 0., 0., 0., 0., 0., 0.,
        0., 0., 0., 0., 0., 0., 0., 0.])), ('denses.1.weight', tensor([[ 0.0017,  0.0016,  0.0052,  ..., -0.0136,  0.0033,  0.0016],
        [-0.0218, -0.0075, -0.0039,  ...,  0.0084, -0.0081, -0.0122],
        [-0.0105, -0.0006,  0.0068,  ..., -0.0051, -0.0033, -0.0063],
        ...,
        [ 0.0110,  0.0119,  0.0142,  ..., -0.0097,  0.0164, -0.0080],
        [ 0.0097, -0.0180, -0.0042,  ..., -0.0145,  0.0089, -0.0091],
        [-0.0060,  0.0035,  0.0042,  ...,  0.0023,  0.0246, -0.0185]])), ('denses.1.bias', tensor([0., 0., 0., 0., 0., 0., 0., 0., 0., 0.]))])