OrderedDict([('features.0.weight', tensor([[[[-0.1144,  0.0142, -0.0026],
          [-0.0558,  0.0315,  0.0278],
          [-0.0022,  0.0411, -0.0328]],

         [[ 0.0393, -0.0456, -0.0578],
          [ 0.0388, -0.1450,  0.0672],
          [ 0.1169, -0.0246,  0.0709]],

         [[ 0.0838, -0.0345, -0.1535],
          [-0.0047,  0.0440,  0.0239],
          [-0.0409,  0.0324, -0.0159]],

         ...,

         [[ 0.0279, -0.1015,  0.0946],
          [-0.0066, -0.0197, -0.0353],
          [-0.0468, -0.1861, -0.0343]],

         [[ 0.0256, -0.0067,  0.0603],
          [ 0.0314, -0.0536,  0.0168],
          [-0.0131,  0.0066, -0.0489]],

         [[ 0.0518,  0.0387, -0.0275],
          [-0.0400, -0.0270,  0.0986],
          [ 0.0599, -0.0008,  0.0183]]],


        [[[ 0.0678, -0.0055, -0.0292],
          [ 0.0688, -0.0621,  0.0506],
          [-0.0937, -0.0728,  0.0372]],

         [[-0.0740,  0.0201, -0.0731],
          [-0.0115, -0.0208, -0.0712],
          [ 0.0034, -0.0692,  0.0579]],

         [[-0.0338,  0.0116, -0.0084],
          [ 0.0367, -0.0037,  0.0131],
          [-0.0525,  0.0658, -0.0454]],

         ...,

         [[ 0.0598, -0.1336,  0.0177],
          [-0.0163, -0.0037, -0.0434],
          [ 0.0846, -0.0828, -0.1437]],

         [[-0.0030,  0.0246,  0.0257],
          [ 0.0196,  0.0188, -0.0195],
          [ 0.0860, -0.0485,  0.0231]],

         [[-0.0255, -0.0368, -0.0498],
          [-0.0349, -0.0036,  0.0180],
          [-0.1126,  0.0169, -0.0148]]],


        [[[ 0.0832,  0.0437,  0.0327],
          [-0.1434,  0.0069, -0.0341],
          [ 0.0632, -0.0386,  0.0815]],

         [[-0.0115,  0.0145,  0.0489],
          [-0.0578,  0.0106,  0.0126],
          [-0.0776,  0.0117,  0.0284]],

         [[-0.0086,  0.0351,  0.0248],
          [ 0.0614,  0.1024, -0.0315],
          [ 0.0010,  0.0825,  0.0689]],

         ...,

         [[-0.0541,  0.0029,  0.0211],
          [ 0.0573,  0.0664,  0.0514],
          [ 0.0358, -0.0352, -0.0971]],

         [[-0.1830,  0.0376,  0.0807],
          [-0.0013, -0.0505, -0.0388],
          [ 0.0160,  0.0346, -0.0774]],

         [[ 0.0667, -0.0063,  0.0786],
          [-0.0171,  0.0488, -0.0115],
          [-0.0126,  0.0739, -0.1000]]],


        ...,


        [[[-0.0271, -0.0423, -0.0419],
          [ 0.0584, -0.0623, -0.1043],
          [-0.0331, -0.0776, -0.0807]],

         [[ 0.0306, -0.0153,  0.0639],
          [-0.0337,  0.0200,  0.0701],
          [ 0.0269,  0.0424, -0.1112]],

         [[ 0.0035, -0.0243,  0.0744],
          [ 0.0046,  0.0053,  0.0512],
          [-0.0353, -0.0636,  0.0207]],

         ...,

         [[-0.0566, -0.0026, -0.0785],
          [-0.0195, -0.0622,  0.0206],
          [-0.1123,  0.0509, -0.0138]],

         [[ 0.0558,  0.0694,  0.0235],
          [ 0.0172, -0.0644, -0.0123],
          [ 0.0999, -0.0175,  0.0715]],

         [[-0.0759,  0.0291, -0.0315],
          [ 0.0195,  0.0344,  0.0578],
          [-0.0739, -0.0833, -0.0862]]],


        [[[ 0.0018,  0.0836, -0.0403],
          [ 0.0300,  0.0376,  0.0012],
          [ 0.0054, -0.0214, -0.0590]],

         [[-0.1262, -0.0575,  0.0468],
          [-0.0008,  0.0845,  0.0285],
          [ 0.0481, -0.0228,  0.0643]],

         [[-0.0703,  0.0190, -0.0578],
          [-0.0266, -0.0023,  0.0445],
          [ 0.0805,  0.0076,  0.0234]],

         ...,

         [[-0.0407, -0.0019, -0.0260],
          [ 0.0091, -0.0306, -0.0034],
          [-0.0053,  0.0675,  0.0479]],

         [[ 0.0148, -0.0214, -0.0564],
          [ 0.0207, -0.0360,  0.0405],
          [ 0.0076,  0.0716,  0.0132]],

         [[-0.0504, -0.0197,  0.0118],
          [-0.0632,  0.0165, -0.0698],
          [ 0.0147, -0.0309, -0.0364]]],


        [[[ 0.0564,  0.0531, -0.0069],
          [-0.0330,  0.0028,  0.0072],
          [ 0.0454, -0.1588, -0.0453]],

         [[ 0.0803,  0.0180, -0.0348],
          [-0.0110, -0.0821,  0.0812],
          [ 0.0007, -0.0075,  0.0545]],

         [[-0.0576, -0.0182,  0.0170],
          [-0.0534,  0.0774, -0.0970],
          [-0.0072,  0.0597,  0.0161]],

         ...,

         [[ 0.0825, -0.0911,  0.0390],
          [ 0.0632, -0.0350,  0.0695],
          [ 0.0738,  0.0372, -0.0720]],

         [[ 0.0079, -0.0528, -0.0879],
          [-0.0963, -0.0320, -0.0182],
          [-0.0751, -0.0934, -0.0666]],

         [[-0.0275,  0.1033, -0.0645],
          [-0.0101,  0.0309, -0.0183],
          [-0.0200,  0.0777, -0.0221]]]])), ('features.0.bias', tensor([-3.6744e-12, -4.1109e-12, -7.2760e-14, -5.0932e-13, -1.3461e-12,
         1.0550e-12,  7.6398e-13,  3.8017e-12, -2.2555e-12, -2.3101e-12,
         4.6020e-12, -8.7311e-13,  7.3487e-12,  1.2369e-12, -1.6735e-12,
         6.3665e-12, -5.8208e-13, -4.0018e-13, -6.3665e-13, -4.0473e-12,
         6.9122e-12,  2.3283e-12, -8.7311e-13, -4.6202e-12,  1.9645e-12,
        -6.5484e-13, -1.0914e-12,  5.5297e-12,  7.2760e-13, -3.2742e-12,
         3.8563e-12,  2.1828e-13,  2.7649e-12, -4.4201e-12,  2.1828e-13,
        -1.1642e-12, -1.8190e-12, -1.9281e-12,  4.8021e-12, -2.5466e-12,
        -9.0949e-13,  3.6744e-12, -5.8208e-12, -4.4383e-12, -3.6744e-12,
         4.1473e-12,  4.2201e-12, -2.1464e-12, -2.9104e-13,  4.3656e-12,
        -7.2760e-13,  2.7558e-12,  6.8394e-12,  3.4561e-12,  4.5475e-14,
        -2.3283e-12, -1.2187e-12,  1.6189e-12,  3.1287e-12,  7.2760e-14,
        -9.7316e-13,  1.7826e-12, -6.0936e-13,  1.2915e-12])), ('features.1.weight', tensor([1.0000, 1.0000, 1.0000, 1.0000, 1.0000, 1.0000, 1.0000, 1.0000, 1.0000,
        1.0000, 1.0000, 1.0000, 1.0000, 1.0000, 1.0000, 1.0000, 1.0000, 1.0000,
        1.0000, 1.0000, 1.0000, 1.0000, 1.0000, 1.0000, 1.0000, 1.0000, 1.0000,
        1.0000, 1.0000, 1.0000, 1.0000, 1.0000, 1.0000, 1.0000, 1.0000, 1.0000,
        1.0000, 1.0000, 1.0000, 1.0000, 1.0000, 1.0000, 1.0000, 1.0000, 1.0000,
        1.0000, 1.0000, 1.0000, 1.0000, 1.0000, 1.0000, 1.0000, 1.0000, 1.0000,
        1.0000, 1.0000, 1.0000, 1.0000, 1.0000, 1.0000, 1.0000, 1.0000, 1.0000,
        1.0000])), ('features.1.bias', tensor([ 1.2095e-05,  2.8484e-07, -2.1406e-06, -1.0309e-06, -2.2576e-07,
        -9.4153e-06, -8.9265e-06, -5.7379e-06,  1.0222e-06,  4.0296e-06,
         5.2975e-06,  7.4023e-06,  2.1401e-06, -1.3454e-05, -7.9265e-06,
         6.1364e-06, -6.5849e-07,  3.7531e-06, -1.3124e-06, -6.0661e-06,
         5.9479e-06, -1.7311e-05, -6.3626e-06,  4.6779e-06,  5.6122e-06,
         3.6575e-06, -1.9387e-07, -4.3775e-06,  6.8153e-06,  2.3479e-06,
        -9.2012e-06, -2.1790e-06,  1.8817e-06, -5.9221e-06,  3.8441e-06,
         3.2718e-06, -3.9119e-07,  2.1249e-06,  7.8297e-06, -1.0273e-07,
         2.2825e-06, -1.9682e-06,  5.7208e-06, -6.0060e-07,  2.4862e-06,
        -6.8193e-06, -1.3306e-06, -4.7178e-06,  8.2021e-07, -1.1464e-06,
         6.8715e-06,  1.3032e-05,  4.0112e-06, -1.1287e-05,  3.5185e-06,
         1.3106e-06, -8.3919e-06, -5.8274e-06, -2.3278e-05,  1.4898e-06,
        -8.1600e-07,  2.3895e-06,  3.9633e-06, -3.2286e-06])), ('features.1.running_mean', tensor([-0.1474, -0.0097,  0.2732, -0.2945, -0.0324, -0.0890,  0.1069, -0.0769,
         0.1779, -0.3836,  0.1084,  0.0164, -0.0847,  0.2984,  0.0632, -0.1160,
        -0.0847, -0.1325, -0.2583, -0.1833, -0.1441, -0.0542, -0.0457, -0.0181,
         0.3145, -0.1537, -0.0957,  0.1466, -0.0833, -0.1434,  0.1860,  0.0493,
         0.1773, -0.1523, -0.0348,  0.2027, -0.0782, -0.1221,  0.1154, -0.0130,
        -0.0017, -0.0375,  0.3131, -0.0091,  0.0872, -0.1251, -0.1324,  0.2131,
        -0.0464,  0.1253,  0.2166, -0.3464,  0.0416, -0.2727,  0.0332,  0.1004,
         0.1233, -0.1823,  0.1760,  0.0463, -0.0922, -0.2788,  0.1629, -0.1656])), ('features.1.running_var', tensor([0.9712, 1.0676, 0.9930, 1.0491, 0.9763, 0.9651, 0.9847, 0.9648, 0.9420,
        0.9601, 0.9875, 0.9898, 0.9160, 1.0649, 0.9621, 0.9482, 0.9694, 0.9574,
        0.9987, 0.9868, 1.0050, 1.0192, 1.0738, 0.9380, 1.1256, 0.9800, 0.9682,
        0.9262, 1.0398, 0.9897, 1.0930, 1.0350, 1.0167, 0.9536, 1.0072, 1.0178,
        0.9170, 1.0400, 0.9755, 1.0137, 0.9903, 0.9882, 0.9497, 0.9514, 1.0324,
        0.9372, 0.9525, 0.9991, 0.9442, 0.9474, 1.0237, 1.0293, 0.9443, 0.9826,
        0.9588, 0.9629, 0.9337, 0.9437, 0.9177, 0.9533, 1.0603, 0.9790, 0.9494,
        1.0458])), ('features.1.num_batches_tracked', tensor(2)), ('denses.0.weight', tensor([[ 0.0192,  0.0115,  0.0070,  ..., -0.0082, -0.0089,  0.0100],
        [ 0.0059, -0.0060,  0.0017,  ..., -0.0006,  0.0125, -0.0011],
        [ 0.0049,  0.0008,  0.0078,  ...,  0.0023, -0.0111,  0.0002],
        ...,
        [ 0.0118,  0.0072, -0.0051,  ..., -0.0073,  0.0218, -0.0088],
        [-0.0058,  0.0039,  0.0007,  ...,  0.0048,  0.0093, -0.0078],
        [-0.0019,  0.0218,  0.0013,  ..., -0.0002, -0.0056,  0.0070]])), ('denses.0.bias', tensor([-5.7233e-07,  4.0219e-07, -4.1968e-06,  1.9404e-06,  3.8595e-06,
         4.3386e-06,  1.1371e-05,  9.0582e-06, -7.9635e-06,  1.3078e-05,
         4.9346e-06,  1.3876e-05,  1.5262e-05, -1.2294e-05, -4.8693e-06,
         1.5249e-06,  2.1337e-06, -1.3266e-05,  5.0574e-06,  5.3454e-06,
        -1.2322e-06, -5.5552e-06, -1.0574e-05,  1.2466e-05, -1.3897e-06,
        -2.2753e-06, -6.6931e-06, -1.2010e-05, -2.4347e-06,  1.8632e-05,
         1.5902e-06,  8.7756e-06, -3.6420e-06, -6.2807e-06,  1.0228e-05,
         1.1675e-05, -4.9487e-06, -1.6746e-06,  1.1299e-05,  6.4229e-06,
         6.8045e-06,  2.1257e-05, -1.4321e-05,  1.3872e-05,  3.0692e-06,
         4.3480e-06, -1.8999e-05, -6.0759e-06,  9.5227e-06,  7.8277e-06,
        -9.4491e-08, -8.5387e-07,  7.5602e-07, -2.0775e-06,  1.0452e-05,
         9.9931e-06,  1.8612e-07,  1.5731e-06,  9.3334e-06,  3.2321e-06,
        -1.6494e-07, -7.5311e-06,  2.2657e-06, -4.7892e-06,  9.0521e-06,
        -4.3330e-06,  9.4556e-06, -7.3312e-06,  8.5555e-06,  3.2749e-06,
         5.7222e-06,  1.8072e-06, -1.4075e-05, -1.1849e-05, -8.3261e-07,
        -2.5511e-06,  7.0912e-06, -1.1793e-06,  2.1994e-05,  1.1831e-05,
         1.4264e-05,  1.5393e-05,  3.1906e-06, -6.3549e-06, -4.4761e-06,
        -5.9065e-06,  8.3657e-06, -6.2554e-06, -4.4319e-06,  1.8353e-05,
         8.6889e-06,  3.0147e-06,  1.2936e-05, -1.9865e-07,  8.9835e-06,
        -3.9296e-07,  7.7943e-07, -4.2593e-06, -4.3559e-06,  1.9001e-06,
         2.4349e-06,  2.7210e-06, -1.1989e-05,  8.0462e-06, -4.4797e-06,
         1.5164e-05, -5.5557e-06,  1.0728e-06, -9.6703e-06, -1.0777e-05,
         2.9660e-06,  1.1151e-06,  2.2422e-06, -9.8868e-06, -1.1138e-05,
        -1.7029e-06, -4.9247e-06, -7.5841e-06,  3.1474e-06,  3.1258e-06,
         8.8095e-06, -1.6322e-05,  3.5258e-06, -1.2654e-05, -1.0122e-05,
        -5.0482e-06,  6.2208e-06, -8.9609e-06])), ('denses.1.weight', tensor([[ 0.0016,  0.0017,  0.0051,  ..., -0.0134,  0.0034,  0.0017],
        [-0.0219, -0.0075, -0.0040,  ...,  0.0085, -0.0081, -0.0123],
        [-0.0105, -0.0007,  0.0068,  ..., -0.0053, -0.0031, -0.0061],
        ...,
        [ 0.0110,  0.0119,  0.0142,  ..., -0.0098,  0.0163, -0.0079],
        [ 0.0097, -0.0181, -0.0044,  ..., -0.0146,  0.0087, -0.0090],
        [-0.0060,  0.0035,  0.0040,  ...,  0.0023,  0.0243, -0.0187]])), ('denses.1.bias', tensor([-2.2367e-04, -1.1695e-04, -1.3026e-04, -2.8995e-04,  3.2076e-04,
         4.7896e-04, -2.8995e-04,  1.2792e-04,  5.5012e-06,  1.1763e-04]))])