OrderedDict([('features.0.weight', tensor([[[[-0.1144,  0.0142, -0.0026],
          [-0.0558,  0.0315,  0.0278],
          [-0.0022,  0.0411, -0.0328]],

         [[ 0.0393, -0.0456, -0.0578],
          [ 0.0388, -0.1450,  0.0672],
          [ 0.1169, -0.0246,  0.0709]],

         [[ 0.0838, -0.0345, -0.1534],
          [-0.0047,  0.0440,  0.0239],
          [-0.0409,  0.0324, -0.0159]],

         ...,

         [[ 0.0279, -0.1015,  0.0946],
          [-0.0066, -0.0197, -0.0353],
          [-0.0468, -0.1861, -0.0343]],

         [[ 0.0256, -0.0067,  0.0603],
          [ 0.0314, -0.0536,  0.0168],
          [-0.0131,  0.0066, -0.0489]],

         [[ 0.0518,  0.0387, -0.0275],
          [-0.0400, -0.0270,  0.0986],
          [ 0.0599, -0.0008,  0.0183]]],


        [[[ 0.0678, -0.0055, -0.0292],
          [ 0.0688, -0.0621,  0.0506],
          [-0.0937, -0.0728,  0.0372]],

         [[-0.0740,  0.0201, -0.0731],
          [-0.0115, -0.0208, -0.0712],
          [ 0.0034, -0.0692,  0.0579]],

         [[-0.0338,  0.0116, -0.0084],
          [ 0.0367, -0.0037,  0.0131],
          [-0.0525,  0.0658, -0.0454]],

         ...,

         [[ 0.0598, -0.1337,  0.0177],
          [-0.0163, -0.0037, -0.0434],
          [ 0.0846, -0.0828, -0.1437]],

         [[-0.0030,  0.0246,  0.0257],
          [ 0.0196,  0.0188, -0.0195],
          [ 0.0860, -0.0485,  0.0231]],

         [[-0.0255, -0.0368, -0.0498],
          [-0.0349, -0.0036,  0.0180],
          [-0.1126,  0.0169, -0.0148]]],


        [[[ 0.0832,  0.0437,  0.0327],
          [-0.1434,  0.0069, -0.0341],
          [ 0.0632, -0.0386,  0.0815]],

         [[-0.0115,  0.0145,  0.0489],
          [-0.0578,  0.0106,  0.0126],
          [-0.0776,  0.0117,  0.0284]],

         [[-0.0086,  0.0351,  0.0248],
          [ 0.0614,  0.1024, -0.0315],
          [ 0.0010,  0.0825,  0.0689]],

         ...,

         [[-0.0541,  0.0029,  0.0211],
          [ 0.0573,  0.0664,  0.0514],
          [ 0.0358, -0.0352, -0.0971]],

         [[-0.1830,  0.0376,  0.0807],
          [-0.0013, -0.0505, -0.0388],
          [ 0.0160,  0.0346, -0.0774]],

         [[ 0.0667, -0.0063,  0.0786],
          [-0.0171,  0.0488, -0.0115],
          [-0.0126,  0.0739, -0.1000]]],


        ...,


        [[[-0.0271, -0.0423, -0.0419],
          [ 0.0584, -0.0623, -0.1043],
          [-0.0331, -0.0776, -0.0807]],

         [[ 0.0306, -0.0153,  0.0639],
          [-0.0337,  0.0200,  0.0701],
          [ 0.0269,  0.0424, -0.1112]],

         [[ 0.0035, -0.0243,  0.0744],
          [ 0.0046,  0.0053,  0.0512],
          [-0.0353, -0.0636,  0.0207]],

         ...,

         [[-0.0566, -0.0026, -0.0785],
          [-0.0195, -0.0622,  0.0206],
          [-0.1123,  0.0509, -0.0138]],

         [[ 0.0558,  0.0694,  0.0235],
          [ 0.0172, -0.0644, -0.0123],
          [ 0.0999, -0.0175,  0.0714]],

         [[-0.0759,  0.0291, -0.0315],
          [ 0.0195,  0.0344,  0.0578],
          [-0.0739, -0.0833, -0.0862]]],


        [[[ 0.0018,  0.0836, -0.0403],
          [ 0.0300,  0.0376,  0.0012],
          [ 0.0054, -0.0214, -0.0590]],

         [[-0.1262, -0.0575,  0.0468],
          [-0.0008,  0.0845,  0.0285],
          [ 0.0481, -0.0228,  0.0643]],

         [[-0.0703,  0.0190, -0.0578],
          [-0.0266, -0.0023,  0.0445],
          [ 0.0805,  0.0076,  0.0234]],

         ...,

         [[-0.0407, -0.0019, -0.0260],
          [ 0.0091, -0.0306, -0.0034],
          [-0.0052,  0.0675,  0.0479]],

         [[ 0.0148, -0.0214, -0.0564],
          [ 0.0207, -0.0360,  0.0405],
          [ 0.0076,  0.0716,  0.0132]],

         [[-0.0504, -0.0197,  0.0118],
          [-0.0632,  0.0165, -0.0698],
          [ 0.0147, -0.0309, -0.0364]]],


        [[[ 0.0564,  0.0531, -0.0070],
          [-0.0330,  0.0028,  0.0072],
          [ 0.0454, -0.1588, -0.0453]],

         [[ 0.0803,  0.0179, -0.0348],
          [-0.0111, -0.0821,  0.0812],
          [ 0.0007, -0.0075,  0.0545]],

         [[-0.0576, -0.0182,  0.0170],
          [-0.0534,  0.0774, -0.0970],
          [-0.0072,  0.0597,  0.0161]],

         ...,

         [[ 0.0825, -0.0911,  0.0390],
          [ 0.0632, -0.0351,  0.0696],
          [ 0.0737,  0.0372, -0.0720]],

         [[ 0.0079, -0.0528, -0.0879],
          [-0.0963, -0.0320, -0.0182],
          [-0.0751, -0.0934, -0.0666]],

         [[-0.0275,  0.1033, -0.0645],
          [-0.0101,  0.0309, -0.0183],
          [-0.0200,  0.0777, -0.0221]]]])), ('features.0.bias', tensor([ 2.0918e-12,  5.0932e-13,  2.1828e-13, -2.7012e-12,  1.3824e-12,
         5.8208e-12,  1.3097e-12,  4.3656e-12, -3.2196e-12,  7.3123e-12,
         5.2387e-12, -4.7294e-13,  3.9290e-12, -1.4552e-12,  1.6007e-12,
         3.2014e-12,  3.6380e-12, -3.3469e-12,  1.6007e-12, -4.1473e-12,
        -7.2760e-14,  1.3006e-12,  6.5484e-13, -8.0036e-13,  1.0732e-12,
        -4.6566e-12,  1.3461e-12,  6.6939e-12, -6.1846e-13,  8.7311e-13,
        -5.4570e-13, -2.1828e-13, -2.1100e-12, -7.8217e-12,  1.9509e-12,
         1.1278e-12,  6.1846e-12,  2.4193e-12,  5.4752e-12,  1.5643e-12,
        -1.7462e-12, -1.8827e-12, -1.8917e-12,  2.6193e-12,  3.7471e-12,
         3.2742e-13,  4.6566e-12, -2.5102e-12,  5.9845e-12,  5.3842e-12,
        -2.6557e-12, -1.0550e-12, -2.1828e-12,  4.7294e-12, -3.6380e-12,
        -3.0116e-12, -5.0932e-13, -1.0914e-12, -9.4587e-13,  3.4561e-13,
         6.3301e-12, -2.8376e-12,  2.3647e-13,  5.9663e-12])), ('features.1.weight', tensor([1.0000, 1.0000, 1.0000, 1.0000, 1.0000, 1.0000, 1.0000, 1.0000, 1.0000,
        1.0000, 1.0000, 1.0000, 1.0000, 1.0000, 1.0000, 1.0000, 1.0000, 1.0000,
        1.0000, 1.0000, 1.0000, 1.0000, 1.0000, 1.0000, 1.0000, 1.0000, 1.0000,
        1.0000, 1.0000, 1.0000, 1.0000, 1.0000, 1.0000, 1.0000, 1.0000, 1.0000,
        1.0000, 1.0000, 1.0000, 1.0000, 1.0000, 1.0000, 1.0000, 1.0000, 1.0000,
        1.0000, 1.0000, 1.0000, 1.0000, 1.0000, 1.0000, 1.0000, 1.0000, 1.0000,
        1.0000, 1.0000, 1.0000, 1.0000, 1.0000, 1.0000, 1.0000, 1.0000, 1.0000,
        1.0000])), ('features.1.bias', tensor([ 2.8641e-06, -7.2670e-07, -1.8104e-06,  4.6416e-06,  4.0204e-06,
        -5.8171e-06,  9.2900e-07, -6.9254e-07, -2.5404e-06, -4.2741e-06,
        -2.5215e-06,  8.9643e-06, -7.1762e-07, -9.8483e-06, -6.6557e-06,
         1.2244e-06, -4.7757e-06,  6.4231e-06,  9.1795e-07,  7.6413e-07,
         4.3323e-07, -8.4335e-07,  5.1996e-06, -2.1668e-06, -1.3654e-06,
         1.2728e-06, -7.3489e-07,  3.4932e-06, -7.9125e-06,  4.8091e-07,
        -6.2431e-06, -1.6012e-08, -9.3917e-06, -3.2307e-06,  4.2516e-07,
         3.1758e-06, -1.4771e-06, -1.8465e-06, -1.6608e-06, -3.2391e-06,
         4.0505e-07, -5.1121e-06, -2.8879e-06, -7.5226e-07,  1.9012e-06,
        -5.5435e-06, -2.3698e-06, -3.1375e-07, -6.0006e-07, -3.3157e-06,
        -3.4124e-06,  2.7258e-06, -5.4378e-07, -7.3752e-06, -5.2252e-06,
         4.7728e-06,  4.5534e-06, -2.0959e-07, -6.6702e-06,  1.1663e-05,
        -3.2951e-06,  1.2859e-06,  6.1983e-06,  5.7499e-06])), ('features.1.running_mean', tensor([-1.5016e-01, -1.1876e-02,  2.7614e-01, -2.9678e-01, -3.0912e-02,
        -8.9144e-02,  1.0471e-01, -7.6962e-02,  1.7933e-01, -3.8748e-01,
         1.0788e-01,  1.5023e-02, -8.5530e-02,  2.9954e-01,  6.2208e-02,
        -1.2055e-01, -8.8207e-02, -1.3334e-01, -2.5939e-01, -1.8319e-01,
        -1.4485e-01, -5.5221e-02, -4.2912e-02, -1.9537e-02,  3.2025e-01,
        -1.5486e-01, -9.4525e-02,  1.4679e-01, -8.6682e-02, -1.4587e-01,
         1.8711e-01,  5.0083e-02,  1.7681e-01, -1.5355e-01, -3.9396e-02,
         2.0537e-01, -7.8704e-02, -1.2382e-01,  1.1539e-01, -1.2783e-02,
         1.1483e-05, -3.7303e-02,  3.1500e-01, -7.0341e-03,  8.7665e-02,
        -1.2564e-01, -1.3187e-01,  2.1546e-01, -4.8822e-02,  1.2594e-01,
         2.1889e-01, -3.4732e-01,  4.1283e-02, -2.7444e-01,  3.4822e-02,
         9.8575e-02,  1.2379e-01, -1.8281e-01,  1.7410e-01,  4.5596e-02,
        -9.1008e-02, -2.8093e-01,  1.6121e-01, -1.6642e-01])), ('features.1.running_var', tensor([0.9659, 1.0689, 0.9939, 1.0430, 0.9746, 0.9652, 0.9887, 0.9673, 0.9578,
        0.9636, 0.9852, 0.9989, 0.9173, 1.0699, 0.9693, 0.9443, 0.9717, 0.9669,
        0.9942, 1.0024, 1.0004, 1.0165, 1.0736, 0.9340, 1.1212, 0.9760, 0.9670,
        0.9265, 1.0340, 0.9924, 1.1018, 1.0330, 1.0101, 0.9533, 1.0146, 1.0215,
        0.9172, 1.0452, 0.9824, 1.0137, 0.9924, 0.9927, 0.9600, 0.9500, 1.0345,
        0.9370, 0.9510, 0.9957, 0.9504, 0.9507, 1.0194, 1.0346, 0.9411, 0.9899,
        0.9597, 0.9682, 0.9343, 0.9479, 0.9162, 0.9510, 1.0648, 0.9778, 0.9466,
        1.0459])), ('features.1.num_batches_tracked', tensor(2)), ('denses.0.weight', tensor([[ 0.0192,  0.0115,  0.0070,  ..., -0.0082, -0.0089,  0.0101],
        [ 0.0059, -0.0060,  0.0017,  ..., -0.0006,  0.0125, -0.0011],
        [ 0.0049,  0.0008,  0.0078,  ...,  0.0023, -0.0111,  0.0003],
        ...,
        [ 0.0118,  0.0072, -0.0051,  ..., -0.0073,  0.0217, -0.0088],
        [-0.0058,  0.0039,  0.0007,  ...,  0.0048,  0.0093, -0.0078],
        [-0.0019,  0.0218,  0.0013,  ..., -0.0002, -0.0056,  0.0070]])), ('denses.0.bias', tensor([ 8.0745e-06,  3.5334e-06, -5.9522e-07, -6.6534e-06,  3.7800e-06,
        -4.7558e-06,  7.7566e-06,  7.4366e-06,  5.6571e-06,  1.1260e-06,
         4.6271e-07,  1.0631e-05,  1.5901e-05, -5.8932e-07, -3.8985e-06,
        -2.0423e-07,  4.6112e-06, -6.5096e-06,  1.2419e-05, -7.9149e-06,
        -8.7285e-06, -7.0917e-06,  2.4333e-06,  2.9348e-06,  7.2092e-06,
         9.9485e-06, -3.8089e-06, -1.4869e-06,  1.7870e-07,  2.2043e-06,
         1.6218e-06, -4.8090e-06, -3.3653e-06, -8.3344e-07,  4.4436e-06,
         8.6447e-07, -7.4818e-06, -5.5446e-07, -8.0250e-06,  7.2189e-06,
        -5.9292e-07,  1.5598e-06, -8.9096e-06,  5.2244e-06, -8.1112e-06,
         1.0553e-05, -3.5580e-06, -2.6788e-07,  8.7394e-06,  7.4358e-06,
        -2.1876e-06,  5.1462e-06,  4.5814e-06,  2.7927e-06, -1.9283e-06,
         2.0928e-06,  7.5153e-06, -2.9559e-06,  8.3476e-06,  2.5970e-06,
         1.3749e-07,  3.6328e-06, -3.0151e-06, -4.9981e-06, -7.4218e-06,
        -3.5960e-07, -1.7990e-06,  4.8026e-06,  1.0068e-06,  5.4324e-06,
        -2.7213e-06, -8.0373e-06, -2.2319e-06,  6.0201e-06, -1.1536e-06,
         3.2307e-06, -6.3758e-06,  5.9486e-06,  2.1711e-06,  1.1682e-05,
        -2.5853e-06,  6.1548e-06, -5.3646e-06,  2.0305e-06,  1.1879e-06,
         7.9063e-06, -4.1755e-06,  2.6524e-06,  4.0960e-06, -6.4429e-06,
        -6.1163e-06,  6.4839e-07,  4.4003e-06, -8.2371e-06, -6.7590e-06,
        -2.5627e-06,  2.2660e-07, -3.1320e-06, -8.3192e-06,  7.7397e-06,
        -2.9171e-06,  6.6441e-06,  3.9990e-06, -4.5486e-06, -6.7553e-07,
        -4.1824e-07, -5.1994e-07, -3.5101e-06, -1.1546e-06, -9.5480e-06,
         5.0288e-06, -2.7142e-06, -1.9113e-06, -1.2727e-06,  3.5720e-06,
        -9.0931e-07, -6.7729e-06, -3.5151e-06,  7.6894e-06, -9.1518e-07,
        -2.1179e-07, -2.6112e-06,  2.3195e-06, -9.6144e-06,  4.5542e-07,
        -6.7307e-06,  1.3152e-06,  2.3407e-06])), ('denses.1.weight', tensor([[ 0.0014,  0.0017,  0.0051,  ..., -0.0134,  0.0032,  0.0016],
        [-0.0216, -0.0073, -0.0040,  ...,  0.0083, -0.0082, -0.0121],
        [-0.0105, -0.0008,  0.0069,  ..., -0.0051, -0.0032, -0.0064],
        ...,
        [ 0.0109,  0.0119,  0.0142,  ..., -0.0098,  0.0166, -0.0079],
        [ 0.0095, -0.0179, -0.0044,  ..., -0.0144,  0.0087, -0.0090],
        [-0.0060,  0.0034,  0.0040,  ...,  0.0022,  0.0243, -0.0186]])), ('denses.1.bias', tensor([ 1.7785e-04, -4.1086e-04,  6.3826e-05,  1.0982e-04, -7.7421e-05,
         2.8304e-04, -9.6107e-05, -6.6170e-05, -9.4370e-05,  1.1039e-04]))])