OrderedDict([('features.0.weight', tensor([[[[-0.1143,  0.0142, -0.0026],
          [-0.0558,  0.0315,  0.0278],
          [-0.0022,  0.0411, -0.0328]],

         [[ 0.0393, -0.0456, -0.0578],
          [ 0.0388, -0.1450,  0.0672],
          [ 0.1169, -0.0246,  0.0709]],

         [[ 0.0838, -0.0345, -0.1534],
          [-0.0047,  0.0440,  0.0239],
          [-0.0409,  0.0324, -0.0159]],

         ...,

         [[ 0.0279, -0.1015,  0.0946],
          [-0.0066, -0.0197, -0.0353],
          [-0.0468, -0.1861, -0.0343]],

         [[ 0.0257, -0.0067,  0.0603],
          [ 0.0314, -0.0536,  0.0168],
          [-0.0131,  0.0066, -0.0489]],

         [[ 0.0519,  0.0387, -0.0275],
          [-0.0400, -0.0270,  0.0986],
          [ 0.0599, -0.0008,  0.0183]]],


        [[[ 0.0678, -0.0055, -0.0292],
          [ 0.0688, -0.0621,  0.0506],
          [-0.0937, -0.0728,  0.0372]],

         [[-0.0740,  0.0201, -0.0731],
          [-0.0115, -0.0208, -0.0712],
          [ 0.0034, -0.0692,  0.0579]],

         [[-0.0338,  0.0116, -0.0084],
          [ 0.0367, -0.0037,  0.0131],
          [-0.0525,  0.0658, -0.0454]],

         ...,

         [[ 0.0598, -0.1336,  0.0177],
          [-0.0163, -0.0037, -0.0434],
          [ 0.0846, -0.0828, -0.1437]],

         [[-0.0030,  0.0246,  0.0257],
          [ 0.0196,  0.0188, -0.0195],
          [ 0.0860, -0.0485,  0.0231]],

         [[-0.0255, -0.0368, -0.0498],
          [-0.0349, -0.0036,  0.0180],
          [-0.1126,  0.0169, -0.0148]]],


        [[[ 0.0832,  0.0437,  0.0328],
          [-0.1434,  0.0069, -0.0341],
          [ 0.0632, -0.0386,  0.0815]],

         [[-0.0115,  0.0145,  0.0489],
          [-0.0578,  0.0106,  0.0126],
          [-0.0776,  0.0117,  0.0284]],

         [[-0.0086,  0.0351,  0.0248],
          [ 0.0614,  0.1024, -0.0315],
          [ 0.0010,  0.0825,  0.0689]],

         ...,

         [[-0.0541,  0.0029,  0.0211],
          [ 0.0573,  0.0664,  0.0514],
          [ 0.0358, -0.0352, -0.0971]],

         [[-0.1830,  0.0376,  0.0807],
          [-0.0013, -0.0505, -0.0388],
          [ 0.0160,  0.0347, -0.0774]],

         [[ 0.0667, -0.0063,  0.0786],
          [-0.0171,  0.0488, -0.0115],
          [-0.0126,  0.0739, -0.1001]]],


        ...,


        [[[-0.0271, -0.0423, -0.0419],
          [ 0.0584, -0.0623, -0.1043],
          [-0.0331, -0.0776, -0.0807]],

         [[ 0.0306, -0.0153,  0.0639],
          [-0.0337,  0.0200,  0.0701],
          [ 0.0269,  0.0424, -0.1112]],

         [[ 0.0035, -0.0243,  0.0744],
          [ 0.0046,  0.0053,  0.0512],
          [-0.0353, -0.0636,  0.0207]],

         ...,

         [[-0.0566, -0.0026, -0.0785],
          [-0.0195, -0.0622,  0.0206],
          [-0.1123,  0.0509, -0.0138]],

         [[ 0.0558,  0.0694,  0.0235],
          [ 0.0172, -0.0644, -0.0123],
          [ 0.0999, -0.0175,  0.0715]],

         [[-0.0759,  0.0291, -0.0315],
          [ 0.0195,  0.0344,  0.0578],
          [-0.0739, -0.0833, -0.0862]]],


        [[[ 0.0017,  0.0836, -0.0403],
          [ 0.0300,  0.0376,  0.0012],
          [ 0.0054, -0.0214, -0.0590]],

         [[-0.1262, -0.0575,  0.0468],
          [-0.0008,  0.0845,  0.0285],
          [ 0.0481, -0.0227,  0.0643]],

         [[-0.0703,  0.0190, -0.0578],
          [-0.0266, -0.0023,  0.0445],
          [ 0.0805,  0.0076,  0.0234]],

         ...,

         [[-0.0407, -0.0019, -0.0260],
          [ 0.0091, -0.0306, -0.0034],
          [-0.0053,  0.0675,  0.0479]],

         [[ 0.0148, -0.0214, -0.0564],
          [ 0.0207, -0.0360,  0.0405],
          [ 0.0076,  0.0716,  0.0132]],

         [[-0.0504, -0.0197,  0.0118],
          [-0.0632,  0.0165, -0.0698],
          [ 0.0147, -0.0309, -0.0364]]],


        [[[ 0.0564,  0.0531, -0.0069],
          [-0.0330,  0.0028,  0.0072],
          [ 0.0454, -0.1588, -0.0453]],

         [[ 0.0803,  0.0179, -0.0348],
          [-0.0111, -0.0821,  0.0812],
          [ 0.0007, -0.0075,  0.0545]],

         [[-0.0576, -0.0182,  0.0170],
          [-0.0534,  0.0774, -0.0970],
          [-0.0072,  0.0597,  0.0161]],

         ...,

         [[ 0.0825, -0.0911,  0.0390],
          [ 0.0632, -0.0351,  0.0695],
          [ 0.0737,  0.0372, -0.0720]],

         [[ 0.0079, -0.0528, -0.0879],
          [-0.0963, -0.0320, -0.0182],
          [-0.0751, -0.0934, -0.0666]],

         [[-0.0275,  0.1033, -0.0645],
          [-0.0101,  0.0309, -0.0183],
          [-0.0200,  0.0777, -0.0221]]]])), ('features.0.bias', tensor([ 2.4738e-12,  1.2369e-12, -8.0036e-13, -2.1828e-13,  1.2733e-12,
        -2.5466e-12,  4.8749e-12, -3.6380e-14, -7.6034e-12,  1.4552e-13,
        -4.3656e-13,  4.4383e-12,  1.7462e-12, -3.6107e-12,  1.4552e-13,
         4.0018e-12,  9.4951e-12, -2.9468e-12, -2.1464e-12, -5.3114e-12,
        -3.0923e-12,  3.0559e-12, -6.5711e-13, -1.0186e-12, -4.3656e-13,
        -2.6193e-12,  6.0027e-12,  1.1642e-12, -1.2369e-12, -3.8926e-12,
         1.6007e-12,  1.3824e-12,  3.2742e-13, -2.1828e-12,  3.2378e-12,
         1.4552e-13, -3.0559e-12,  3.8563e-12,  2.6557e-12,  3.2014e-12,
         7.2760e-14, -6.1846e-13, -3.8290e-12,  1.3097e-12, -7.2760e-13,
        -3.7016e-12, -2.1282e-12,  4.4110e-12, -1.3642e-13,  4.1473e-12,
        -1.2005e-12,  1.5280e-12,  2.1828e-12,  3.0559e-12, -7.4033e-12,
         4.1837e-12, -2.5648e-12, -2.9468e-12,  3.2014e-12,  2.9286e-12,
        -4.0018e-12, -4.1473e-12, -2.3829e-12, -2.8376e-12])), ('features.1.weight', tensor([1.0000, 1.0000, 1.0000, 1.0000, 1.0000, 1.0000, 1.0000, 1.0000, 1.0000,
        1.0000, 1.0000, 1.0000, 1.0000, 1.0000, 1.0000, 1.0000, 1.0000, 1.0000,
        1.0000, 1.0000, 1.0000, 1.0000, 1.0000, 1.0000, 1.0000, 1.0000, 1.0000,
        1.0000, 1.0000, 1.0000, 1.0000, 1.0000, 1.0000, 1.0000, 1.0000, 1.0000,
        1.0000, 1.0000, 1.0000, 1.0000, 1.0000, 1.0000, 1.0000, 1.0000, 1.0000,
        1.0000, 1.0000, 1.0000, 1.0000, 1.0000, 1.0000, 1.0000, 1.0000, 1.0000,
        1.0000, 1.0000, 1.0000, 1.0000, 1.0000, 1.0000, 1.0000, 1.0000, 1.0000,
        1.0000])), ('features.1.bias', tensor([-1.0031e-06, -2.8350e-06,  3.1070e-06,  5.8514e-06,  2.5298e-06,
        -1.1147e-05, -1.1090e-06,  9.0334e-06,  2.2751e-06, -5.3004e-06,
         1.4683e-06, -1.4392e-06,  3.9088e-07, -8.5552e-06, -1.0002e-05,
        -5.5396e-06,  1.1424e-06,  6.4052e-06, -2.7725e-06,  1.7799e-06,
         1.3135e-06, -3.7974e-06, -4.1641e-06, -3.3788e-06, -3.9007e-06,
        -9.9855e-06, -9.6083e-06,  2.1348e-06,  7.4026e-06, -6.6304e-07,
        -6.4440e-06, -6.5578e-06, -8.4564e-06, -5.6283e-06,  8.7837e-06,
         1.7003e-06,  5.9709e-07, -4.0103e-07, -1.7134e-06,  5.0069e-06,
         8.2082e-06,  4.2543e-06, -6.1967e-06, -9.3393e-06,  1.6625e-06,
         1.1225e-05, -5.6964e-06,  5.5904e-06,  1.1868e-05, -2.3350e-06,
         7.5387e-06, -1.8455e-06,  2.3160e-06,  1.2851e-06,  1.5333e-06,
        -2.3900e-06, -6.9261e-06,  1.1911e-05, -4.2241e-06,  1.5042e-06,
        -4.2276e-06,  3.4825e-06,  7.1740e-06,  8.3118e-06])), ('features.1.running_mean', tensor([-1.4992e-01, -1.2055e-02,  2.7562e-01, -2.9784e-01, -3.2278e-02,
        -9.0087e-02,  1.0497e-01, -7.4942e-02,  1.7891e-01, -3.8606e-01,
         1.1040e-01,  1.6032e-02, -8.8489e-02,  3.0077e-01,  6.4730e-02,
        -1.1994e-01, -8.7651e-02, -1.3495e-01, -2.6172e-01, -1.8493e-01,
        -1.4775e-01, -5.3931e-02, -4.2929e-02, -1.9570e-02,  3.1940e-01,
        -1.5565e-01, -9.3452e-02,  1.4847e-01, -8.6216e-02, -1.4476e-01,
         1.8572e-01,  5.2042e-02,  1.7997e-01, -1.5304e-01, -3.6443e-02,
         2.0387e-01, -7.7913e-02, -1.2331e-01,  1.1582e-01, -1.4034e-02,
        -1.8065e-04, -3.6917e-02,  3.1831e-01, -7.1300e-03,  8.9570e-02,
        -1.2659e-01, -1.3529e-01,  2.1527e-01, -4.6583e-02,  1.2746e-01,
         2.2070e-01, -3.4791e-01,  4.1714e-02, -2.7665e-01,  3.6531e-02,
         1.0095e-01,  1.2544e-01, -1.8268e-01,  1.7718e-01,  4.5655e-02,
        -9.2456e-02, -2.8068e-01,  1.5949e-01, -1.6649e-01])), ('features.1.running_var', tensor([0.9622, 1.0608, 0.9944, 1.0256, 0.9737, 0.9628, 0.9813, 0.9638, 0.9534,
        0.9636, 0.9854, 1.0008, 0.9116, 1.0589, 0.9589, 0.9388, 0.9629, 0.9573,
        1.0008, 0.9874, 1.0048, 1.0072, 1.0774, 0.9368, 1.1247, 0.9747, 0.9705,
        0.9293, 1.0418, 0.9902, 1.0899, 1.0290, 0.9991, 0.9520, 1.0133, 1.0210,
        0.9176, 1.0432, 0.9768, 1.0140, 0.9950, 0.9895, 0.9483, 0.9487, 1.0397,
        0.9404, 0.9530, 0.9975, 0.9486, 0.9484, 1.0206, 1.0233, 0.9389, 0.9789,
        0.9626, 0.9657, 0.9338, 0.9424, 0.9169, 0.9520, 1.0574, 0.9746, 0.9514,
        1.0422])), ('features.1.num_batches_tracked', tensor(2)), ('denses.0.weight', tensor([[ 0.0192,  0.0115,  0.0070,  ..., -0.0082, -0.0089,  0.0100],
        [ 0.0059, -0.0060,  0.0017,  ..., -0.0006,  0.0125, -0.0011],
        [ 0.0049,  0.0008,  0.0078,  ...,  0.0023, -0.0112,  0.0002],
        ...,
        [ 0.0118,  0.0072, -0.0051,  ..., -0.0072,  0.0218, -0.0088],
        [-0.0058,  0.0039,  0.0007,  ...,  0.0048,  0.0093, -0.0078],
        [-0.0019,  0.0218,  0.0013,  ..., -0.0002, -0.0056,  0.0070]])), ('denses.0.bias', tensor([-1.7061e-05, -7.3566e-06, -3.8120e-06,  1.8625e-06, -5.0255e-06,
         4.6657e-06, -3.4271e-06, -9.0746e-06, -7.9175e-06, -2.7977e-06,
         1.1544e-06, -1.1524e-05, -7.8094e-06, -1.0059e-05,  1.6197e-05,
         4.2375e-06,  1.6232e-06,  1.1952e-05, -1.9860e-05,  1.7394e-05,
        -1.1215e-06,  6.0301e-06,  2.3442e-06, -1.2464e-06,  7.2823e-07,
         1.0355e-06, -8.9175e-06,  4.1496e-07, -6.9715e-06, -1.6612e-06,
        -1.6054e-05, -4.2195e-06,  5.2721e-06, -2.8494e-06, -6.7179e-06,
        -5.9600e-06,  1.2327e-05,  1.3690e-05, -1.1680e-06, -1.1035e-05,
        -6.4144e-06, -1.2681e-05,  1.1636e-05, -7.7591e-07, -1.7082e-06,
         5.3517e-06,  9.3742e-06, -3.9213e-07, -7.3703e-06, -6.6867e-06,
         8.0154e-06, -3.0175e-06, -8.8778e-06, -8.1790e-07,  1.3439e-05,
        -9.8043e-06, -1.4065e-05,  3.7143e-06, -9.0834e-06, -8.0179e-06,
        -3.1072e-06,  2.1450e-06,  1.6344e-05,  6.0128e-06,  8.1023e-06,
         1.6241e-06, -1.1858e-05,  4.6220e-06,  9.8366e-07,  2.7944e-06,
         1.2280e-06,  3.0995e-07,  8.7778e-06,  2.8531e-06, -1.4235e-06,
        -1.4152e-06, -8.7951e-06, -2.0981e-06,  7.6769e-07, -1.9361e-05,
        -1.0823e-05, -6.6958e-08,  5.1289e-06, -1.4586e-06,  9.7641e-08,
        -6.1283e-06,  3.3272e-06,  9.2067e-06, -6.5744e-07, -1.0324e-05,
         7.8859e-06,  9.5094e-06, -3.0057e-06,  3.3435e-06,  3.2393e-06,
        -5.6783e-06, -1.1030e-05, -2.6883e-06,  2.9166e-06, -5.9534e-06,
         4.9538e-06, -6.6332e-06, -1.3656e-06, -4.9238e-06, -1.1027e-05,
        -8.1810e-06,  8.5613e-06,  8.5925e-06,  5.2150e-06,  9.4522e-06,
         3.4885e-07, -1.1450e-06,  1.3507e-05, -8.5984e-07,  3.2500e-06,
         2.4936e-06,  1.2073e-05,  3.3631e-06, -5.1385e-07, -7.5987e-07,
        -3.6317e-06, -2.8499e-07,  3.1809e-06,  3.2621e-06,  4.8810e-07,
         4.3157e-06, -1.0481e-05,  1.8858e-07])), ('denses.1.weight', tensor([[ 0.0016,  0.0016,  0.0051,  ..., -0.0133,  0.0031,  0.0016],
        [-0.0221, -0.0075, -0.0041,  ...,  0.0085, -0.0083, -0.0123],
        [-0.0103, -0.0007,  0.0069,  ..., -0.0053, -0.0031, -0.0063],
        ...,
        [ 0.0112,  0.0119,  0.0141,  ..., -0.0099,  0.0164, -0.0080],
        [ 0.0095, -0.0181, -0.0044,  ..., -0.0144,  0.0087, -0.0090],
        [-0.0059,  0.0034,  0.0042,  ...,  0.0022,  0.0248, -0.0186]])), ('denses.1.bias', tensor([ 2.7576e-04,  4.8381e-04,  6.6608e-05, -1.9491e-04,  1.1420e-04,
        -2.0778e-04,  3.8234e-06, -3.6924e-04,  9.1984e-06, -1.8146e-04]))])