OrderedDict([('features.0.weight', tensor([[[[-0.1144,  0.0142, -0.0026],
          [-0.0558,  0.0315,  0.0278],
          [-0.0022,  0.0411, -0.0328]],

         [[ 0.0393, -0.0456, -0.0578],
          [ 0.0388, -0.1450,  0.0672],
          [ 0.1169, -0.0246,  0.0709]],

         [[ 0.0838, -0.0345, -0.1534],
          [-0.0047,  0.0440,  0.0239],
          [-0.0409,  0.0324, -0.0159]],

         ...,

         [[ 0.0279, -0.1015,  0.0946],
          [-0.0066, -0.0197, -0.0353],
          [-0.0468, -0.1861, -0.0343]],

         [[ 0.0256, -0.0067,  0.0603],
          [ 0.0314, -0.0536,  0.0168],
          [-0.0131,  0.0066, -0.0489]],

         [[ 0.0519,  0.0387, -0.0275],
          [-0.0400, -0.0270,  0.0986],
          [ 0.0599, -0.0008,  0.0183]]],


        [[[ 0.0678, -0.0055, -0.0292],
          [ 0.0688, -0.0621,  0.0506],
          [-0.0937, -0.0728,  0.0372]],

         [[-0.0740,  0.0201, -0.0731],
          [-0.0115, -0.0208, -0.0712],
          [ 0.0034, -0.0692,  0.0579]],

         [[-0.0338,  0.0116, -0.0084],
          [ 0.0367, -0.0037,  0.0131],
          [-0.0525,  0.0658, -0.0454]],

         ...,

         [[ 0.0598, -0.1336,  0.0177],
          [-0.0163, -0.0037, -0.0434],
          [ 0.0846, -0.0828, -0.1437]],

         [[-0.0030,  0.0246,  0.0257],
          [ 0.0196,  0.0188, -0.0195],
          [ 0.0860, -0.0485,  0.0231]],

         [[-0.0255, -0.0368, -0.0498],
          [-0.0349, -0.0036,  0.0180],
          [-0.1126,  0.0169, -0.0148]]],


        [[[ 0.0832,  0.0437,  0.0328],
          [-0.1434,  0.0069, -0.0341],
          [ 0.0632, -0.0386,  0.0815]],

         [[-0.0115,  0.0145,  0.0489],
          [-0.0578,  0.0106,  0.0126],
          [-0.0776,  0.0117,  0.0284]],

         [[-0.0086,  0.0351,  0.0248],
          [ 0.0614,  0.1024, -0.0315],
          [ 0.0010,  0.0825,  0.0689]],

         ...,

         [[-0.0541,  0.0029,  0.0211],
          [ 0.0573,  0.0664,  0.0514],
          [ 0.0358, -0.0352, -0.0971]],

         [[-0.1830,  0.0376,  0.0807],
          [-0.0013, -0.0505, -0.0388],
          [ 0.0160,  0.0346, -0.0774]],

         [[ 0.0667, -0.0063,  0.0786],
          [-0.0171,  0.0488, -0.0115],
          [-0.0126,  0.0739, -0.1000]]],


        ...,


        [[[-0.0271, -0.0423, -0.0419],
          [ 0.0584, -0.0623, -0.1043],
          [-0.0331, -0.0776, -0.0807]],

         [[ 0.0306, -0.0153,  0.0639],
          [-0.0337,  0.0200,  0.0701],
          [ 0.0269,  0.0424, -0.1112]],

         [[ 0.0035, -0.0243,  0.0744],
          [ 0.0046,  0.0053,  0.0512],
          [-0.0353, -0.0636,  0.0207]],

         ...,

         [[-0.0566, -0.0026, -0.0785],
          [-0.0195, -0.0622,  0.0206],
          [-0.1123,  0.0509, -0.0138]],

         [[ 0.0558,  0.0694,  0.0235],
          [ 0.0172, -0.0644, -0.0123],
          [ 0.0999, -0.0175,  0.0715]],

         [[-0.0759,  0.0291, -0.0315],
          [ 0.0195,  0.0344,  0.0578],
          [-0.0739, -0.0833, -0.0862]]],


        [[[ 0.0018,  0.0836, -0.0403],
          [ 0.0300,  0.0376,  0.0012],
          [ 0.0054, -0.0214, -0.0590]],

         [[-0.1262, -0.0575,  0.0468],
          [-0.0008,  0.0845,  0.0285],
          [ 0.0481, -0.0228,  0.0643]],

         [[-0.0703,  0.0190, -0.0578],
          [-0.0266, -0.0023,  0.0445],
          [ 0.0805,  0.0076,  0.0234]],

         ...,

         [[-0.0407, -0.0019, -0.0260],
          [ 0.0091, -0.0306, -0.0034],
          [-0.0053,  0.0675,  0.0479]],

         [[ 0.0148, -0.0214, -0.0564],
          [ 0.0207, -0.0360,  0.0405],
          [ 0.0076,  0.0716,  0.0132]],

         [[-0.0504, -0.0197,  0.0118],
          [-0.0632,  0.0165, -0.0698],
          [ 0.0147, -0.0309, -0.0364]]],


        [[[ 0.0564,  0.0531, -0.0069],
          [-0.0330,  0.0028,  0.0072],
          [ 0.0454, -0.1588, -0.0453]],

         [[ 0.0803,  0.0179, -0.0348],
          [-0.0110, -0.0821,  0.0812],
          [ 0.0007, -0.0075,  0.0545]],

         [[-0.0576, -0.0182,  0.0170],
          [-0.0534,  0.0774, -0.0970],
          [-0.0072,  0.0597,  0.0161]],

         ...,

         [[ 0.0825, -0.0911,  0.0390],
          [ 0.0632, -0.0351,  0.0695],
          [ 0.0738,  0.0372, -0.0720]],

         [[ 0.0079, -0.0528, -0.0879],
          [-0.0963, -0.0320, -0.0182],
          [-0.0750, -0.0934, -0.0666]],

         [[-0.0275,  0.1033, -0.0645],
          [-0.0101,  0.0309, -0.0183],
          [-0.0200,  0.0777, -0.0221]]]])), ('features.0.bias', tensor([0., 0., 0., 0., 0., 0., 0., 0., 0., 0., 0., 0., 0., 0., 0., 0., 0., 0., 0., 0., 0., 0., 0., 0.,
        0., 0., 0., 0., 0., 0., 0., 0., 0., 0., 0., 0., 0., 0., 0., 0., 0., 0., 0., 0., 0., 0., 0., 0.,
        0., 0., 0., 0., 0., 0., 0., 0., 0., 0., 0., 0., 0., 0., 0., 0.])), ('features.1.weight', tensor([1., 1., 1., 1., 1., 1., 1., 1., 1., 1., 1., 1., 1., 1., 1., 1., 1., 1.,
        1., 1., 1., 1., 1., 1., 1., 1., 1., 1., 1., 1., 1., 1., 1., 1., 1., 1.,
        1., 1., 1., 1., 1., 1., 1., 1., 1., 1., 1., 1., 1., 1., 1., 1., 1., 1.,
        1., 1., 1., 1., 1., 1., 1., 1., 1., 1.])), ('features.1.bias', tensor([0., 0., 0., 0., 0., 0., 0., 0., 0., 0., 0., 0., 0., 0., 0., 0., 0., 0., 0., 0., 0., 0., 0., 0.,
        0., 0., 0., 0., 0., 0., 0., 0., 0., 0., 0., 0., 0., 0., 0., 0., 0., 0., 0., 0., 0., 0., 0., 0.,
        0., 0., 0., 0., 0., 0., 0., 0., 0., 0., 0., 0., 0., 0., 0., 0.])), ('features.1.running_mean', tensor([-0.0763, -0.0059,  0.1427, -0.1536, -0.0170, -0.0464,  0.0552, -0.0406,
         0.0919, -0.2004,  0.0566,  0.0079, -0.0438,  0.1559,  0.0324, -0.0604,
        -0.0436, -0.0693, -0.1363, -0.0944, -0.0753, -0.0279, -0.0243, -0.0083,
         0.1654, -0.0802, -0.0496,  0.0757, -0.0439, -0.0737,  0.0975,  0.0240,
         0.0921, -0.0800, -0.0172,  0.1057, -0.0406, -0.0655,  0.0602, -0.0068,
        -0.0004, -0.0191,  0.1619, -0.0041,  0.0449, -0.0649, -0.0689,  0.1113,
        -0.0242,  0.0656,  0.1123, -0.1807,  0.0215, -0.1432,  0.0165,  0.0512,
         0.0645, -0.0952,  0.0920,  0.0244, -0.0484, -0.1444,  0.0859, -0.0872])), ('features.1.running_var', tensor([0.9822, 1.0322, 0.9935, 1.0201, 0.9851, 0.9804, 0.9905, 0.9830, 0.9692,
        0.9768, 0.9943, 0.9922, 0.9556, 1.0368, 0.9799, 0.9708, 0.9853, 0.9778,
        1.0039, 0.9957, 1.0059, 1.0126, 1.0365, 0.9660, 1.0644, 0.9900, 0.9839,
        0.9618, 1.0226, 0.9926, 1.0485, 1.0189, 1.0071, 0.9748, 1.0077, 1.0122,
        0.9558, 1.0208, 0.9862, 1.0079, 0.9918, 0.9959, 0.9744, 0.9757, 1.0189,
        0.9686, 0.9743, 1.0000, 0.9710, 0.9750, 1.0096, 1.0146, 0.9690, 0.9926,
        0.9810, 0.9795, 0.9646, 0.9681, 0.9556, 0.9739, 1.0336, 0.9900, 0.9722,
        1.0250])), ('features.1.num_batches_tracked', tensor(1)), ('denses.0.weight', tensor([[ 0.0192,  0.0115,  0.0070,  ..., -0.0082, -0.0089,  0.0100],
        [ 0.0059, -0.0060,  0.0017,  ..., -0.0006,  0.0125, -0.0011],
        [ 0.0049,  0.0008,  0.0078,  ...,  0.0023, -0.0111,  0.0003],
        ...,
        [ 0.0118,  0.0072, -0.0051,  ..., -0.0073,  0.0218, -0.0088],
        [-0.0058,  0.0039,  0.0007,  ...,  0.0048,  0.0093, -0.0078],
        [-0.0019,  0.0218,  0.0013,  ..., -0.0002, -0.0056,  0.0070]])), ('denses.0.bias', tensor([0., 0., 0., 0., 0., 0., 0., 0., 0., 0., 0., 0., 0., 0., 0., 0., 0., 0., 0., 0., 0., 0., 0., 0.,
        0., 0., 0., 0., 0., 0., 0., 0., 0., 0., 0., 0., 0., 0., 0., 0., 0., 0., 0., 0., 0., 0., 0., 0.,
        0., 0., 0., 0., 0., 0., 0., 0., 0., 0., 0., 0., 0., 0., 0., 0., 0., 0., 0., 0., 0., 0., 0., 0.,
        0., 0., 0., 0., 0., 0., 0., 0., 0., 0., 0., 0., 0., 0., 0., 0., 0., 0., 0., 0., 0., 0., 0., 0.,
        0., 0., 0., 0., 0., 0., 0., 0., 0., 0., 0., 0., 0., 0., 0., 0., 0., 0., 0., 0., 0., 0., 0., 0.,
        0., 0., 0., 0., 0., 0., 0., 0.])), ('denses.1.weight', tensor([[ 0.0017,  0.0016,  0.0052,  ..., -0.0136,  0.0033,  0.0016],
        [-0.0218, -0.0075, -0.0039,  ...,  0.0084, -0.0081, -0.0122],
        [-0.0105, -0.0006,  0.0068,  ..., -0.0051, -0.0033, -0.0063],
        ...,
        [ 0.0110,  0.0119,  0.0142,  ..., -0.0097,  0.0164, -0.0080],
        [ 0.0097, -0.0180, -0.0042,  ..., -0.0145,  0.0089, -0.0091],
        [-0.0060,  0.0035,  0.0042,  ...,  0.0023,  0.0246, -0.0185]])), ('denses.1.bias', tensor([0., 0., 0., 0., 0., 0., 0., 0., 0., 0.]))])