OrderedDict([('features.0.weight', tensor([[[[ 4.1136e-02, -6.3314e-02,  4.8188e-02],
          [ 2.9807e-02, -2.5193e-03, -4.2633e-02],
          [-8.4583e-02, -3.0673e-02, -2.3055e-02]],

         [[-2.1086e-02, -1.4165e-01,  6.3560e-02],
          [-1.0440e-01,  2.2428e-02, -1.3099e-01],
          [-5.7468e-02, -5.2817e-02, -1.0939e-01]],

         [[ 1.9646e-02, -1.7389e-01,  1.0632e-01],
          [ 1.1110e-03, -8.3274e-02,  8.1692e-02],
          [-2.4880e-02, -1.9492e-01, -1.8476e-02]]],


        [[[-1.8959e-01, -5.5767e-02, -3.3677e-02],
          [-1.2891e-01, -5.0564e-02,  8.7382e-02],
          [ 9.3407e-03,  9.1787e-02,  1.6427e-01]],

         [[ 1.1127e-01,  2.7181e-03,  6.1864e-02],
          [ 3.3932e-04,  1.1923e-01,  5.6775e-03],
          [ 1.0204e-01, -3.8459e-02, -5.5042e-03]],

         [[-7.2553e-02,  5.6397e-02,  7.7275e-02],
          [ 1.4772e-01,  2.1163e-02,  2.7504e-02],
          [-4.7167e-02,  9.0599e-03, -1.3587e-01]]],


        [[[-7.3080e-02, -2.5103e-01, -2.5339e-02],
          [ 1.1866e-01, -5.1379e-02,  4.7871e-02],
          [-2.3470e-02,  2.0065e-01,  1.1065e-01]],

         [[-1.2141e-01, -9.2540e-02, -1.6372e-01],
          [-7.7608e-03, -6.0605e-02, -1.1027e-01],
          [ 2.4649e-01,  1.8640e-01,  5.8296e-02]],

         [[-3.3695e-02,  6.8889e-02, -8.1953e-02],
          [-3.8127e-02, -6.4998e-02,  7.3870e-02],
          [ 4.3992e-02, -3.0043e-02,  7.5231e-02]]],


        [[[-1.8851e-01, -2.6372e-02, -1.6677e-01],
          [-3.2623e-02,  3.3850e-02, -8.3929e-02],
          [ 4.7093e-02, -1.7950e-01, -3.0276e-02]],

         [[-2.6501e-02, -3.3184e-02, -1.2497e-03],
          [-1.8439e-02,  9.7733e-02,  1.0151e-01],
          [ 1.1583e-02,  6.0893e-02, -1.2476e-02]],

         [[ 1.6031e-01,  8.8259e-02,  1.4988e-02],
          [ 1.3143e-01,  5.5220e-02,  9.3356e-02],
          [-4.7229e-02,  3.9268e-02,  1.0692e-01]]],


        [[[ 3.4797e-01, -1.2440e-01,  5.9331e-03],
          [-5.5929e-02, -1.3098e-01,  2.1160e-01],
          [-4.9601e-02,  6.6652e-02, -2.0606e-01]],

         [[ 1.3350e-01, -2.3562e-01,  7.0133e-02],
          [-8.9904e-02, -1.8811e-01,  9.3007e-02],
          [-2.7533e-02,  1.9385e-01, -2.7619e-02]],

         [[ 8.7238e-03, -2.3051e-01,  7.8947e-02],
          [ 1.0547e-02, -1.8472e-02,  1.8716e-01],
          [-1.2374e-01,  2.8507e-01, -1.2847e-01]]],


        [[[-1.6721e-01, -3.8639e-02,  2.0301e-02],
          [-2.1878e-01, -1.9813e-03, -1.4983e-02],
          [-1.5557e-02, -1.8302e-01,  5.7237e-05]],

         [[ 6.6322e-02, -1.4036e-01, -1.2340e-01],
          [ 1.4622e-01, -9.5295e-02,  1.6947e-02],
          [-8.4548e-02, -1.5207e-02, -6.7306e-02]],

         [[ 3.4006e-02,  1.3646e-02,  1.9664e-02],
          [ 2.8611e-01,  1.7607e-01,  1.4224e-01],
          [ 1.3414e-01,  5.1395e-02,  7.8266e-02]]],


        [[[ 2.6904e-02,  3.4626e-02, -2.9649e-02],
          [ 6.2418e-02,  4.7388e-02,  1.9652e-03],
          [ 8.1464e-02, -1.4453e-02,  1.4342e-01]],

         [[-9.2353e-02, -3.9168e-02, -5.3172e-02],
          [-8.4628e-02, -1.5869e-01, -2.0560e-01],
          [-2.2301e-01, -1.3439e-01,  9.8942e-02]],

         [[ 1.1439e-01,  1.1550e-01,  4.3516e-02],
          [-1.5141e-02, -3.3803e-02, -1.7797e-02],
          [-9.0709e-02, -9.5089e-02,  4.5589e-03]]],


        [[[ 4.7170e-02, -2.1703e-02,  1.3543e-01],
          [ 2.4791e-03,  1.3789e-01,  6.2338e-02],
          [ 1.2916e-01, -4.0812e-02, -1.5276e-01]],

         [[ 2.3214e-02, -1.7994e-01, -7.5908e-02],
          [-6.2170e-02, -1.4334e-01, -2.3299e-01],
          [ 1.6278e-01, -5.0771e-03, -1.2169e-01]],

         [[-1.3473e-01,  2.7069e-03,  1.6308e-01],
          [ 1.0430e-02,  3.2224e-02, -7.9343e-02],
          [ 7.3686e-02,  6.0024e-03, -1.9033e-02]]],


        [[[-1.9790e-01, -8.4214e-03,  7.1364e-02],
          [-6.2377e-02, -5.1335e-02,  8.4918e-02],
          [ 7.8703e-02,  8.1832e-02, -7.6290e-02]],

         [[-3.0149e-02, -1.7153e-01,  1.2476e-01],
          [-9.3919e-02, -1.9517e-02, -3.3117e-02],
          [ 1.4682e-02,  1.6874e-01,  2.0658e-02]],

         [[-1.5363e-01, -4.8945e-02, -2.9610e-03],
          [-5.3832e-02,  3.6887e-02,  5.7476e-02],
          [-1.2605e-02,  2.2100e-02, -2.9988e-02]]],


        [[[ 1.4762e-01,  2.4337e-01,  8.9153e-02],
          [ 1.5528e-01,  3.7831e-02,  1.5951e-01],
          [-2.0268e-02,  9.5391e-02, -2.0131e-02]],

         [[-9.3544e-03, -1.1137e-01, -1.4158e-01],
          [-3.8561e-02,  1.1159e-02,  1.4313e-02],
          [-1.7541e-01, -1.6207e-01, -1.5245e-01]],

         [[-4.9729e-02, -1.0824e-01, -5.4814e-04],
          [-3.6810e-02, -6.8349e-02, -1.4887e-01],
          [ 2.0257e-01,  1.3827e-02,  4.5057e-02]]],


        [[[-1.2712e-01,  3.1208e-02,  6.1465e-02],
          [-4.4350e-02, -7.0260e-02,  9.8100e-02],
          [ 1.6194e-02, -7.8595e-02,  1.7257e-01]],

         [[ 1.0436e-01, -2.1515e-01, -1.4850e-01],
          [ 8.0311e-02, -2.1073e-02, -7.8850e-02],
          [-1.1199e-01,  1.5201e-01,  1.0830e-01]],

         [[-9.2215e-02, -1.5995e-01,  9.0455e-02],
          [-5.5723e-02,  2.7363e-02,  1.3483e-01],
          [-1.6270e-01, -5.0568e-02, -1.2630e-02]]],


        [[[-5.5293e-02,  7.6252e-02,  2.0704e-02],
          [ 2.6842e-02,  9.3671e-02,  8.8108e-02],
          [ 4.9190e-02, -3.1443e-02,  5.3383e-02]],

         [[-1.0511e-01,  1.4787e-03, -5.0741e-02],
          [ 4.7881e-02, -5.8492e-02, -1.9808e-02],
          [-2.5221e-02,  3.3398e-03, -1.1002e-01]],

         [[ 4.5529e-02,  5.8616e-02,  1.6228e-01],
          [ 1.1880e-01, -4.6290e-02,  2.2320e-02],
          [ 8.3734e-02,  2.2978e-01, -9.0678e-02]]],


        [[[ 3.1414e-02,  6.3080e-02, -2.9203e-02],
          [-1.2612e-01, -6.9063e-02, -8.5773e-03],
          [-6.3344e-02,  7.4122e-02, -1.1068e-02]],

         [[ 4.1356e-02,  6.9630e-02,  5.3389e-02],
          [-1.3575e-01, -1.5180e-01, -1.4845e-02],
          [-7.0203e-02, -2.9147e-02,  2.9847e-02]],

         [[ 4.0730e-02,  1.8500e-01, -6.9721e-02],
          [-1.4637e-01, -4.7402e-02, -1.4644e-01],
          [-7.9040e-02, -5.0079e-02, -1.5081e-01]]],


        [[[ 2.7750e-02,  1.6730e-01,  1.2511e-01],
          [-3.4842e-02, -6.7946e-02,  4.1292e-02],
          [-7.0594e-02, -1.9989e-01, -1.4978e-02]],

         [[ 1.6103e-01,  1.3862e-01, -7.2767e-02],
          [ 1.5612e-01,  4.4198e-02, -6.1654e-02],
          [-2.3746e-01, -1.2684e-01,  1.8563e-04]],

         [[ 1.6861e-01, -1.3859e-03,  7.9280e-02],
          [ 8.2841e-03,  3.2927e-02, -1.4228e-01],
          [-4.3595e-02, -4.4963e-02,  4.6487e-02]]],


        [[[-9.6470e-04,  6.6570e-02,  2.1110e-01],
          [-9.6465e-02, -6.5046e-02,  1.8743e-01],
          [-1.1801e-01, -4.4802e-02, -1.5737e-01]],

         [[-1.1800e-01,  1.0943e-01,  4.1517e-02],
          [-1.0111e-01,  3.6392e-02,  1.4352e-02],
          [-1.3887e-01, -9.5432e-02,  2.2653e-04]],

         [[ 1.3412e-01,  6.3682e-02,  8.6507e-02],
          [ 6.3263e-03, -5.0318e-02,  3.5073e-02],
          [-2.2999e-03, -1.5026e-01,  7.5888e-02]]],


        [[[ 7.9168e-02,  7.1619e-02, -5.2502e-02],
          [-2.7822e-02, -3.0976e-02,  3.8995e-02],
          [-3.9541e-02, -3.4545e-02,  8.5022e-02]],

         [[ 1.3889e-01,  2.3393e-01, -1.1263e-01],
          [ 1.9716e-02,  1.5232e-01,  5.9692e-02],
          [-6.7065e-02,  9.0361e-02,  2.0605e-01]],

         [[-3.0363e-02, -7.9044e-02, -1.0271e-01],
          [-4.0314e-02, -1.5976e-01, -8.3487e-02],
          [-1.1029e-01, -1.6974e-01, -3.9720e-02]]],


        [[[-1.4211e-01, -1.7644e-01,  1.0590e-01],
          [ 4.7542e-02, -1.9731e-02,  1.7636e-02],
          [ 1.5330e-01,  4.5398e-02,  1.9322e-03]],

         [[ 4.3324e-02, -1.4375e-01, -1.5118e-01],
          [ 2.3974e-02,  4.8427e-02,  9.5816e-03],
          [ 3.1311e-02,  1.9035e-01,  2.7113e-02]],

         [[-3.7822e-02, -8.1884e-02,  1.2955e-01],
          [-7.5603e-02,  1.5494e-02, -2.0152e-01],
          [-4.9424e-02,  1.2832e-01,  1.4101e-02]]],


        [[[-2.4197e-01, -7.9885e-02,  1.4399e-01],
          [-2.7307e-03,  6.8987e-02, -6.3156e-02],
          [ 2.5776e-02,  4.7502e-02,  1.7147e-02]],

         [[-1.5084e-02,  1.3975e-02, -8.1555e-02],
          [-9.7393e-02, -1.1052e-01,  4.6534e-02],
          [-6.9715e-02, -1.4952e-01, -5.4754e-02]],

         [[-2.1424e-02,  2.0623e-01,  8.3935e-02],
          [-5.8965e-02, -4.1603e-02,  3.7116e-02],
          [-6.1616e-02,  1.3088e-02,  1.1445e-01]]],


        [[[-1.1642e-01, -1.6072e-02,  2.0073e-01],
          [-1.9598e-02,  2.1241e-02,  8.5908e-02],
          [-3.0505e-02, -2.4539e-03, -1.9470e-02]],

         [[-2.9649e-01, -6.8973e-02,  1.8082e-01],
          [-8.6605e-02, -2.6767e-02,  1.4182e-01],
          [-1.6445e-01,  1.0511e-01,  2.9400e-02]],

         [[-1.2425e-01, -1.6742e-02,  2.8527e-01],
          [-1.9107e-01, -1.1267e-01,  1.8344e-01],
          [-1.8389e-02,  5.3333e-02,  4.3966e-03]]],


        [[[ 7.2678e-02, -1.1912e-01,  9.8230e-02],
          [ 4.2035e-02, -1.5547e-01,  4.8774e-02],
          [ 7.8182e-02, -1.0436e-01,  4.8036e-02]],

         [[-2.2558e-02, -1.3927e-01,  8.8430e-02],
          [-2.7926e-02, -6.2682e-03,  8.9198e-02],
          [ 7.1476e-02, -1.9948e-01, -6.0622e-02]],

         [[ 7.4592e-02, -2.2330e-02,  1.1460e-01],
          [ 2.4971e-01,  7.1104e-02,  7.6626e-02],
          [ 8.4369e-02, -6.3866e-02,  7.4930e-03]]],


        [[[ 6.0121e-02, -1.3581e-01,  1.1288e-01],
          [ 1.7134e-01,  3.1974e-02, -1.3802e-01],
          [ 9.2969e-02, -9.0907e-02,  9.3645e-02]],

         [[-5.0321e-03, -9.3817e-02,  1.1168e-01],
          [ 7.9554e-02,  9.0881e-02,  1.0337e-03],
          [-1.7085e-02, -2.2960e-01,  8.0596e-02]],

         [[-3.7196e-02,  2.9661e-02,  1.0539e-01],
          [ 1.4818e-01, -9.2522e-02, -2.3713e-02],
          [ 3.8805e-02, -8.1906e-02,  8.9828e-02]]],


        [[[-7.6565e-02,  4.2363e-02,  1.6030e-01],
          [ 4.8207e-02,  6.3130e-02,  1.2219e-01],
          [ 6.5061e-02,  1.3727e-02,  7.9942e-02]],

         [[ 9.3770e-02,  8.0550e-02,  6.4584e-02],
          [-4.6097e-02,  5.5944e-02,  2.5369e-02],
          [-1.6551e-01, -5.5279e-02, -4.5192e-02]],

         [[-2.0143e-02,  1.1575e-01,  6.5785e-02],
          [-2.4824e-02, -7.7936e-02, -3.3420e-02],
          [ 7.1018e-02, -7.2103e-03,  7.1131e-02]]],


        [[[ 2.1770e-01, -4.4463e-02, -6.7191e-02],
          [ 7.5640e-02,  7.5921e-02,  3.4483e-02],
          [ 2.4949e-02,  3.2421e-02,  4.2558e-02]],

         [[ 9.7855e-03, -5.7712e-02, -9.9121e-02],
          [-6.8876e-03, -1.2801e-01, -1.3849e-01],
          [ 1.6409e-01, -2.1682e-02, -1.8725e-01]],

         [[ 6.9692e-02, -2.8312e-02, -1.2368e-01],
          [ 1.5146e-01,  5.4303e-02, -1.3025e-01],
          [ 8.2803e-02,  6.6624e-02, -6.6968e-03]]],


        [[[ 5.6391e-02,  1.1712e-01, -1.7357e-02],
          [ 3.3602e-02,  8.9133e-03,  5.3619e-02],
          [ 4.5977e-02,  1.2916e-01,  6.5095e-02]],

         [[-6.9984e-02,  1.1978e-01, -5.4272e-02],
          [ 7.6199e-03,  1.3690e-01,  3.1895e-02],
          [ 9.2785e-02,  1.4727e-02,  8.5079e-02]],

         [[-3.8064e-02, -1.2682e-02,  1.5881e-02],
          [ 1.2862e-01, -6.3007e-02, -3.4193e-02],
          [-5.0655e-02,  1.1412e-02, -2.7968e-02]]],


        [[[ 1.7577e-01,  6.2569e-02, -7.6574e-02],
          [-2.5609e-02, -2.9244e-02, -3.0179e-02],
          [ 4.0979e-02, -1.3163e-01, -1.6158e-02]],

         [[-2.7573e-02,  1.8805e-02,  4.3483e-02],
          [ 4.3591e-02, -5.2564e-02,  4.2841e-02],
          [-6.1380e-02,  9.2769e-02, -1.0821e-01]],

         [[ 2.6528e-02,  4.5243e-02,  1.2043e-01],
          [ 5.8450e-02,  1.3630e-01, -8.3758e-02],
          [ 7.8728e-02,  8.7760e-02,  1.1604e-01]]],


        [[[ 9.8216e-03, -8.1627e-02, -2.4872e-01],
          [-1.0322e-01,  3.7944e-02, -6.1826e-02],
          [ 2.9829e-02, -1.1250e-01, -3.3299e-02]],

         [[-4.7745e-02, -4.9394e-02,  2.0475e-02],
          [-1.3340e-01,  4.0972e-02,  1.8469e-02],
          [ 7.5407e-02, -4.4675e-03,  9.1788e-02]],

         [[-5.2833e-02, -8.4366e-02,  9.9883e-02],
          [ 4.6862e-02, -8.4071e-02,  1.0885e-02],
          [ 1.3170e-01,  1.4784e-01,  1.5184e-01]]],


        [[[-5.7627e-02,  7.1884e-02, -1.1552e-01],
          [-1.4903e-02, -1.1599e-01,  3.8375e-02],
          [-7.4365e-02, -9.2661e-02,  2.1667e-02]],

         [[-5.1286e-03, -1.0270e-02,  6.7159e-02],
          [-1.8167e-01, -1.3659e-01, -6.8895e-02],
          [ 3.0763e-02,  4.7717e-02, -9.4606e-02]],

         [[ 4.1418e-02, -6.0300e-02, -1.7197e-01],
          [-5.3163e-02, -1.0052e-01,  3.1101e-02],
          [ 1.0682e-02,  5.9802e-02,  1.3262e-01]]],


        [[[ 1.0225e-02, -4.7718e-02, -7.8416e-02],
          [ 1.4662e-01, -3.1059e-02, -4.6425e-02],
          [-1.0312e-01,  8.8855e-02, -1.6064e-01]],

         [[ 1.1593e-01,  6.1026e-02,  3.1867e-02],
          [ 8.1343e-02,  1.4114e-01, -3.0322e-02],
          [ 7.4085e-02,  9.5875e-02, -2.7461e-01]],

         [[ 1.6781e-02,  1.5921e-01, -1.8855e-01],
          [-2.0163e-03, -1.4117e-01, -3.8712e-02],
          [ 9.4129e-02, -2.8197e-02, -5.3690e-02]]],


        [[[-9.1960e-02, -2.3196e-02, -2.6068e-02],
          [ 4.4891e-02,  1.1612e-01, -8.7137e-02],
          [ 6.3290e-02,  6.4901e-02,  1.6697e-02]],

         [[-7.0327e-02, -3.2888e-02,  8.0145e-02],
          [-1.5347e-02, -9.5152e-02,  1.0244e-01],
          [-1.5033e-01,  6.9953e-02, -1.0317e-02]],

         [[ 4.6728e-02,  6.9934e-02,  2.1338e-02],
          [ 1.8432e-01,  1.2159e-03, -2.1646e-02],
          [ 6.4490e-03,  1.5390e-02,  1.4068e-01]]],


        [[[-2.2016e-02,  1.1416e-01, -5.4900e-02],
          [ 7.9461e-02,  4.9577e-02, -9.3208e-02],
          [-2.3317e-01, -2.3417e-02,  3.0170e-02]],

         [[ 7.7048e-02,  1.8690e-01, -5.8757e-02],
          [ 2.2907e-02, -1.1692e-02, -1.0617e-01],
          [-1.1466e-01, -6.6117e-02, -1.7175e-01]],

         [[ 5.4046e-02,  4.1294e-02, -3.7796e-02],
          [ 4.7226e-02, -1.0245e-01,  9.5730e-02],
          [-1.4016e-01,  5.1470e-02, -3.5870e-02]]],


        [[[-8.1107e-02, -6.4823e-03,  9.8478e-02],
          [-1.5059e-01, -1.1570e-02, -1.2554e-01],
          [ 9.4189e-02,  2.7647e-01,  8.8931e-02]],

         [[-1.6612e-02, -3.1250e-02, -1.7562e-01],
          [-1.2860e-01, -5.6856e-02, -1.7221e-01],
          [ 1.1783e-01,  7.2935e-02,  1.0663e-01]],

         [[-7.6667e-02,  9.8089e-02, -1.0589e-01],
          [ 1.3852e-02, -7.1619e-02,  2.2674e-02],
          [ 1.6415e-02,  2.9688e-02,  1.6325e-01]]],


        [[[-8.6941e-03, -7.4308e-02,  1.3748e-01],
          [-1.4302e-01,  3.1942e-02, -1.6708e-01],
          [-6.7378e-02, -1.6756e-02, -6.0245e-02]],

         [[ 2.0006e-02,  6.0119e-02, -8.7339e-02],
          [-1.0764e-01, -1.6549e-01, -1.6025e-02],
          [ 3.2176e-02, -2.3694e-02, -1.1310e-01]],

         [[ 1.8270e-01,  9.5976e-02, -3.6027e-02],
          [-1.0714e-01,  8.7549e-02,  1.6530e-03],
          [-1.6460e-02,  6.9500e-02, -3.7079e-02]]]])), ('features.0.bias', tensor([ 3.0329e-10, -1.2464e-08, -3.2094e-09,  6.5592e-09, -2.9098e-08,
         1.0524e-08, -1.4690e-08, -3.0777e-10, -2.0583e-08, -8.1340e-09,
        -2.4399e-09,  5.6670e-09, -1.1264e-08,  1.1072e-08,  3.8539e-09,
        -4.7375e-10, -1.9184e-09,  1.1973e-08,  1.9543e-08, -1.9846e-08,
        -7.2074e-09,  3.9442e-09, -9.1970e-10,  1.7266e-09, -8.0137e-09,
        -8.0188e-09,  7.2521e-09, -5.7562e-09, -3.0159e-09,  4.0074e-09,
        -1.7527e-09, -1.9469e-10])), ('features.1.weight', tensor([0.9865, 0.9998, 1.0229, 0.9794, 1.0336, 1.0118, 0.9755, 0.9975, 0.9850,
        1.0227, 1.0075, 0.9954, 0.9781, 1.0146, 1.0127, 0.9885, 0.9874, 0.9826,
        1.0883, 0.9934, 0.9866, 1.0024, 1.0218, 0.9981, 0.9885, 0.9833, 0.9872,
        1.0154, 0.9662, 0.9987, 1.0120, 0.9704])), ('features.1.bias', tensor([-0.0123, -0.0106,  0.0466, -0.0149,  0.0379,  0.0343, -0.0165,  0.0075,
         0.0161, -0.0527,  0.0153, -0.0008, -0.0153, -0.0206, -0.0087,  0.0001,
         0.0309, -0.0091, -0.0115, -0.0052, -0.0052, -0.0201, -0.0339, -0.0084,
        -0.0145, -0.0130,  0.0088,  0.0367, -0.0424, -0.0147,  0.0266, -0.0386])), ('features.1.running_mean', tensor([ 0.2815, -0.0707,  0.0065, -0.0701,  0.0052,  0.0052,  0.1443,  0.0881,
         0.0580,  0.0021,  0.1043, -0.1723,  0.2347, -0.0121,  0.0255,  0.0040,
         0.0316,  0.0959, -0.0028, -0.0842, -0.1073, -0.1971, -0.0108, -0.2402,
        -0.1371,  0.0898,  0.2437,  0.0072, -0.1296,  0.1188,  0.0221,  0.1753])), ('features.1.running_var', tensor([1.3460, 0.1639, 0.6464, 0.3615, 0.1403, 0.4203, 0.4543, 0.2744, 0.3279,
        0.2694, 0.4269, 0.5713, 1.1724, 0.5994, 0.5657, 0.2674, 0.2990, 0.2878,
        0.9484, 0.4456, 0.3526, 0.7750, 0.4991, 0.9293, 0.5080, 0.4401, 0.9966,
        0.3983, 0.3584, 0.5235, 0.4948, 0.6453])), ('features.1.num_batches_tracked', tensor(334)), ('features.4.weight', tensor([[[[ 3.9339e-02,  5.7658e-02,  2.8591e-02],
          [-7.9712e-02, -8.3257e-03, -2.2758e-02],
          [ 5.3712e-03,  7.1014e-02, -8.8694e-02]],

         [[-1.0514e-01, -7.5739e-02,  5.3947e-02],
          [-2.2091e-02, -5.7236e-02,  9.6641e-02],
          [ 9.8533e-02, -6.6320e-02, -1.4158e-02]],

         [[-4.0941e-02, -8.5751e-02, -3.5082e-02],
          [ 1.3631e-02,  1.1808e-01,  3.9287e-02],
          [-1.4805e-01, -4.5694e-02, -5.8905e-02]],

         ...,

         [[ 2.6437e-05, -7.4549e-02,  1.9668e-02],
          [-4.5814e-02, -2.4180e-02,  3.6748e-02],
          [ 1.7623e-02,  5.0339e-02, -4.7688e-03]],

         [[ 2.2047e-02, -3.7131e-02, -1.0600e-02],
          [-3.3895e-02, -7.5699e-03, -4.8731e-02],
          [-1.2103e-02,  1.7802e-02,  7.7359e-02]],

         [[ 8.7468e-02,  5.0670e-02, -2.6342e-02],
          [ 6.0434e-02,  1.1503e-01,  4.0600e-03],
          [ 3.6038e-03,  4.0505e-02, -6.9439e-02]]],


        [[[ 3.0960e-03,  6.8030e-02, -6.8713e-02],
          [ 3.0494e-02, -2.7509e-02,  1.1613e-02],
          [-8.9506e-03, -6.1066e-03, -4.0577e-02]],

         [[ 8.7436e-02,  4.6700e-02,  4.2250e-02],
          [ 3.9548e-02,  2.6108e-02,  6.5546e-02],
          [ 3.5975e-03,  1.3181e-02,  1.1165e-01]],

         [[-4.6095e-02,  5.2130e-02,  3.1100e-03],
          [-3.0337e-02, -4.0399e-02, -4.7823e-02],
          [-6.0825e-02,  9.1018e-02,  4.2481e-03]],

         ...,

         [[-4.9793e-03, -1.3127e-01,  5.5428e-02],
          [-6.5558e-02,  5.2211e-04, -5.4972e-02],
          [ 1.2119e-02,  1.1813e-01,  8.7952e-02]],

         [[-9.6327e-02,  5.9160e-02, -3.3585e-02],
          [ 1.1434e-01, -3.1557e-02, -2.5991e-02],
          [ 2.5522e-02, -9.3239e-02, -2.7056e-02]],

         [[ 2.8160e-02, -2.5483e-02,  2.9716e-02],
          [ 4.7268e-02,  1.3215e-02,  8.6543e-02],
          [-3.9499e-03, -2.7440e-03,  3.7121e-02]]],


        [[[ 5.0560e-02,  1.7352e-02, -3.4027e-02],
          [ 1.0389e-02, -3.8281e-02, -1.2249e-01],
          [-1.0256e-01, -2.6479e-02, -3.8920e-02]],

         [[ 1.0046e-01,  7.2014e-02, -5.8449e-02],
          [ 3.8480e-02, -1.8326e-02, -5.8848e-02],
          [-1.5554e-02, -1.4687e-01, -9.9280e-02]],

         [[ 1.0660e-01,  1.5731e-02, -4.2530e-03],
          [ 1.2971e-02,  4.0767e-02, -9.0141e-03],
          [-3.4407e-03, -2.7336e-02, -8.4070e-02]],

         ...,

         [[-2.5395e-02, -3.2933e-02,  4.7248e-02],
          [ 3.6925e-02, -1.9149e-02,  7.0723e-02],
          [ 3.8685e-03,  2.1908e-02,  1.5239e-02]],

         [[ 8.1684e-02,  2.9559e-02,  2.1223e-02],
          [-5.5118e-02,  4.5416e-02,  6.1617e-02],
          [-5.3591e-02, -8.0733e-02,  3.5762e-02]],

         [[ 8.2500e-03, -1.5659e-02,  8.6723e-02],
          [ 7.0135e-02, -6.9267e-02,  9.0107e-04],
          [-1.0891e-02, -1.1260e-01, -4.4825e-02]]],


        ...,


        [[[-8.0676e-02, -1.8986e-01,  1.7444e-02],
          [-8.8576e-03, -1.4572e-02, -4.9678e-02],
          [-3.6861e-02,  4.5594e-02,  2.1128e-02]],

         [[ 4.1445e-02, -1.9629e-02, -5.1180e-02],
          [-4.0838e-02, -1.0478e-02, -2.3950e-02],
          [ 1.7403e-01,  6.0942e-02, -5.7937e-02]],

         [[ 2.2107e-02, -2.3891e-02, -6.4978e-02],
          [ 5.7896e-02,  2.4110e-02,  7.2751e-02],
          [-1.0432e-02,  8.5431e-02,  3.2819e-02]],

         ...,

         [[ 3.3059e-02, -1.3797e-02, -3.3559e-02],
          [ 3.1619e-02,  7.9145e-02, -7.8317e-02],
          [ 7.8333e-02, -1.1590e-01, -6.4824e-02]],

         [[ 2.9984e-02, -3.3137e-02, -1.3090e-01],
          [-9.4415e-02,  8.4676e-02,  9.5905e-02],
          [ 1.2657e-01,  5.0681e-03,  7.0230e-02]],

         [[-6.4553e-02,  5.5985e-02, -2.9901e-02],
          [ 4.8935e-02,  3.7777e-03,  7.8007e-02],
          [ 6.6256e-02,  2.1344e-02, -3.3766e-03]]],


        [[[-5.9341e-02,  2.8091e-02,  1.6161e-02],
          [ 3.4280e-02,  1.4916e-03,  3.8452e-02],
          [ 3.9889e-02, -1.0167e-02, -8.3331e-02]],

         [[-1.0024e-01, -9.2389e-02, -8.5616e-02],
          [ 9.3137e-02,  2.3853e-03, -4.7201e-02],
          [ 3.8227e-02, -7.2936e-02, -9.3118e-02]],

         [[ 3.1353e-02,  1.4705e-02, -1.6943e-03],
          [-5.5184e-02,  5.3154e-02,  1.1966e-02],
          [ 6.0192e-02, -9.5591e-02, -6.8890e-02]],

         ...,

         [[-1.4458e-02, -5.6267e-02, -1.0193e-01],
          [-5.7851e-02, -1.6394e-02,  1.9381e-02],
          [ 4.7899e-02, -3.3538e-02, -8.0649e-02]],

         [[ 4.5449e-02,  9.9292e-02,  2.3321e-02],
          [-8.0490e-02,  1.5510e-01, -7.6120e-02],
          [-9.2020e-02,  3.2441e-02,  1.9958e-03]],

         [[ 5.4787e-03, -1.7601e-02, -9.2166e-02],
          [-3.3393e-02,  3.7312e-02,  1.4049e-01],
          [ 1.0777e-02,  1.5347e-02, -1.4743e-01]]],


        [[[-6.7331e-02,  8.5333e-02,  6.1696e-02],
          [ 5.8991e-03,  5.6983e-02, -8.5538e-02],
          [-1.1577e-02, -1.2146e-02,  2.1122e-02]],

         [[ 6.8758e-03,  2.3818e-02, -8.7803e-03],
          [-2.2085e-01,  3.6705e-02, -3.7057e-02],
          [ 3.4729e-02,  8.7151e-02,  5.6664e-02]],

         [[ 3.3058e-02, -1.8748e-02,  2.7831e-02],
          [-8.9893e-02, -6.9681e-02, -4.7887e-03],
          [-3.6267e-02,  4.4989e-02, -1.7977e-02]],

         ...,

         [[ 7.2629e-02, -8.8883e-02,  2.8860e-02],
          [-7.1738e-03, -5.7056e-03,  5.8100e-02],
          [-7.2235e-02,  3.6979e-02,  1.0955e-02]],

         [[-2.8154e-02, -3.3860e-02, -4.6196e-02],
          [ 1.1596e-01, -2.5771e-02, -3.1740e-02],
          [ 9.1467e-02, -2.7321e-02, -5.7818e-02]],

         [[-3.8952e-02,  9.4801e-02,  3.1401e-04],
          [-4.7065e-02, -9.3394e-02,  1.2778e-02],
          [-2.4645e-02,  3.5404e-02,  1.4092e-02]]]])), ('features.4.bias', tensor([ 4.9485e-10, -1.1972e-09, -1.2640e-09, -5.2605e-10, -4.2287e-09,
        -8.0934e-10, -1.1913e-09,  4.2333e-09, -7.8545e-09,  6.2452e-09,
        -7.2275e-09,  2.0368e-09, -2.7695e-09, -1.1589e-09, -8.3964e-10,
        -2.8558e-09, -7.8720e-10, -2.2798e-09,  2.1037e-09,  1.2881e-09,
        -8.3200e-09,  3.3911e-09, -2.2081e-09, -3.5454e-09,  4.3509e-09,
        -1.0341e-09,  2.1459e-09,  3.1869e-09, -2.6955e-09, -3.1055e-09,
         2.1361e-09, -5.8534e-11, -7.8059e-09, -2.9776e-09,  8.0936e-09,
        -1.9070e-09, -2.4240e-09,  5.1603e-10,  1.2460e-09,  3.8914e-10,
        -2.5320e-09,  1.8136e-09,  7.1523e-09, -2.4991e-11, -2.0971e-09,
        -1.1675e-09, -3.8045e-09,  2.0660e-09, -3.8151e-10, -2.6744e-09,
         6.1921e-10, -2.0919e-09, -2.4657e-09, -9.3969e-10, -5.1781e-09,
        -2.3367e-09,  1.1378e-09, -5.3905e-10, -9.8345e-09, -4.7161e-10,
        -1.3337e-10, -4.6765e-10, -1.8418e-09,  6.6331e-09])), ('features.5.weight', tensor([0.9770, 0.9829, 1.0028, 1.0004, 0.9872, 1.0139, 0.9988, 1.0050, 0.9931,
        1.0121, 1.0014, 0.9928, 0.9903, 0.9952, 0.9975, 1.0063, 1.0016, 1.0059,
        1.0166, 1.0262, 1.0052, 0.9762, 0.9890, 1.0027, 0.9842, 1.0040, 0.9944,
        0.9881, 0.9830, 0.9835, 0.9759, 0.9862, 1.0045, 1.0105, 1.0047, 0.9989,
        1.0264, 0.9910, 1.0121, 0.9982, 0.9912, 0.9941, 0.9867, 1.0017, 0.9991,
        1.0079, 1.0228, 0.9858, 0.9843, 1.0079, 1.0013, 1.0118, 0.9938, 1.0254,
        1.0142, 1.0172, 0.9888, 1.0248, 0.9950, 1.0156, 0.9974, 0.9958, 0.9956,
        1.0150])), ('features.5.bias', tensor([-0.0134, -0.0077, -0.0009, -0.0040, -0.0082,  0.0037, -0.0011, -0.0040,
        -0.0092,  0.0047,  0.0101, -0.0206, -0.0071, -0.0118, -0.0042, -0.0024,
        -0.0072,  0.0043,  0.0065,  0.0128,  0.0013, -0.0163, -0.0021, -0.0070,
        -0.0133, -0.0113, -0.0101, -0.0079, -0.0095, -0.0172, -0.0072, -0.0061,
         0.0098, -0.0076, -0.0082, -0.0008, -0.0063, -0.0110,  0.0014, -0.0056,
        -0.0064, -0.0230,  0.0011, -0.0029,  0.0001, -0.0022,  0.0079, -0.0059,
         0.0056, -0.0018,  0.0109,  0.0008, -0.0044, -0.0092,  0.0030,  0.0088,
        -0.0066,  0.0112,  0.0019,  0.0003,  0.0025, -0.0073,  0.0080,  0.0067])), ('features.5.running_mean', tensor([ 5.1016e-01, -5.9764e-01,  7.3368e-01, -1.1606e+00,  1.0226e+00,
        -4.5609e-01, -2.2260e-01, -4.5981e-01, -7.6186e-04, -1.3481e+00,
        -3.6796e-01,  6.0013e-01,  3.8069e-01,  4.8607e-01, -4.8943e-01,
        -1.5511e+00, -2.3627e-01, -3.9985e-01, -3.7834e-01, -2.3214e-01,
         1.6301e-01,  3.2225e-01,  1.0523e-01,  1.1059e+00,  2.7732e-01,
        -1.0905e-01, -4.4654e-01,  2.0673e-01, -8.7927e-01, -3.6070e-01,
         1.0297e+00, -1.0297e-02,  6.2564e-01, -1.1824e+00, -5.8507e-01,
        -3.5197e-01, -3.8787e-01,  7.6453e-01, -9.4000e-01, -1.7511e-01,
        -5.6242e-01,  6.8288e-01,  7.5629e-01, -1.0174e+00, -3.1717e-01,
        -1.4084e+00, -8.0152e-01, -1.1723e-01,  1.1345e+00,  1.2959e+00,
         8.1395e-01,  2.9146e-01, -1.9371e-01, -1.9850e-01, -1.1943e+00,
        -3.5486e-01, -6.3364e-02, -3.5042e-01, -7.1589e-01,  2.9226e-02,
        -9.5147e-01, -2.0284e-02,  1.1077e-02,  1.4139e-01])), ('features.5.running_var', tensor([0.9644, 0.4491, 0.8218, 0.7038, 0.8334, 0.5549, 0.8111, 0.9814, 0.9104,
        0.6491, 0.6305, 0.7497, 0.7967, 0.9563, 0.9345, 1.0394, 0.9443, 0.2915,
        0.5769, 0.6392, 0.4516, 0.6808, 0.6065, 0.8103, 0.5754, 0.5035, 0.4315,
        0.4979, 0.5730, 0.6783, 0.6652, 0.4597, 0.8917, 0.7356, 0.4366, 0.3413,
        0.9500, 0.6871, 0.4574, 0.4729, 0.5313, 0.4948, 0.5500, 0.6561, 0.4642,
        0.5704, 0.7022, 1.2526, 0.8127, 0.7114, 0.6795, 0.5066, 0.5608, 0.7461,
        0.7094, 0.3974, 0.6356, 0.9611, 0.6713, 0.9206, 0.7272, 0.4418, 0.5562,
        0.3126])), ('features.5.num_batches_tracked', tensor(334)), ('features.8.weight', tensor([[[[-0.1129,  0.0088, -0.0085],
          [-0.0598,  0.0217,  0.0223],
          [-0.0007,  0.0409, -0.0299]],

         [[ 0.0457, -0.0400, -0.0526],
          [ 0.0418, -0.1454,  0.0699],
          [ 0.1184, -0.0245,  0.0717]],

         [[ 0.0699, -0.0513, -0.1604],
          [-0.0125,  0.0385,  0.0283],
          [-0.0355,  0.0407, -0.0034]],

         ...,

         [[ 0.0257, -0.1039,  0.0895],
          [-0.0024, -0.0211, -0.0408],
          [-0.0354, -0.1842, -0.0325]],

         [[ 0.0255, -0.0098,  0.0613],
          [ 0.0389, -0.0477,  0.0246],
          [-0.0004,  0.0190, -0.0357]],

         [[ 0.0420,  0.0347, -0.0289],
          [-0.0373, -0.0272,  0.0976],
          [ 0.0620, -0.0042,  0.0134]]],


        [[[ 0.0726, -0.0038, -0.0244],
          [ 0.0704, -0.0648,  0.0526],
          [-0.0942, -0.0808,  0.0350]],

         [[-0.0705,  0.0242, -0.0696],
          [-0.0100, -0.0169, -0.0665],
          [ 0.0022, -0.0712,  0.0571]],

         [[-0.0357,  0.0039, -0.0047],
          [ 0.0408, -0.0091,  0.0139],
          [-0.0537,  0.0570, -0.0468]],

         ...,

         [[ 0.0622, -0.1330,  0.0166],
          [-0.0134, -0.0015, -0.0436],
          [ 0.0839, -0.0835, -0.1485]],

         [[-0.0035,  0.0170,  0.0310],
          [ 0.0277,  0.0182, -0.0126],
          [ 0.0901, -0.0522,  0.0282]],

         [[-0.0322, -0.0389, -0.0498],
          [-0.0388, -0.0111,  0.0110],
          [-0.1144,  0.0152, -0.0141]]],


        [[[ 0.0831,  0.0425,  0.0267],
          [-0.1416,  0.0083, -0.0384],
          [ 0.0633, -0.0378,  0.0752]],

         [[-0.0156,  0.0064,  0.0381],
          [-0.0622,  0.0020,  0.0017],
          [-0.0804,  0.0080,  0.0216]],

         [[-0.0071,  0.0366,  0.0193],
          [ 0.0686,  0.1108, -0.0279],
          [ 0.0031,  0.0839,  0.0649]],

         ...,

         [[-0.0601, -0.0029,  0.0166],
          [ 0.0561,  0.0672,  0.0544],
          [ 0.0344, -0.0357, -0.0970]],

         [[-0.1726,  0.0431,  0.0836],
          [ 0.0037, -0.0523, -0.0410],
          [ 0.0215,  0.0342, -0.0774]],

         [[ 0.0632, -0.0130,  0.0682],
          [-0.0220,  0.0385, -0.0241],
          [-0.0168,  0.0632, -0.1092]]],


        ...,


        [[[-0.0244, -0.0394, -0.0375],
          [ 0.0561, -0.0645, -0.1051],
          [-0.0344, -0.0810, -0.0819]],

         [[ 0.0268, -0.0169,  0.0655],
          [-0.0426,  0.0154,  0.0674],
          [ 0.0266,  0.0470, -0.1026]],

         [[ 0.0035, -0.0243,  0.0762],
          [-0.0011, -0.0052,  0.0451],
          [-0.0406, -0.0726,  0.0155]],

         ...,

         [[-0.0641, -0.0107, -0.0832],
          [-0.0262, -0.0691,  0.0145],
          [-0.1206,  0.0445, -0.0171]],

         [[ 0.0660,  0.0765,  0.0297],
          [ 0.0206, -0.0628, -0.0085],
          [ 0.1036, -0.0151,  0.0715]],

         [[-0.0698,  0.0295, -0.0290],
          [ 0.0160,  0.0304,  0.0604],
          [-0.0752, -0.0817, -0.0808]]],


        [[[ 0.0033,  0.0843, -0.0419],
          [ 0.0279,  0.0355, -0.0018],
          [ 0.0033, -0.0220, -0.0586]],

         [[-0.1123, -0.0460,  0.0505],
          [ 0.0078,  0.0897,  0.0273],
          [ 0.0523, -0.0220,  0.0625]],

         [[-0.0765,  0.0165, -0.0602],
          [-0.0317, -0.0027,  0.0424],
          [ 0.0799,  0.0150,  0.0287]],

         ...,

         [[-0.0376,  0.0007, -0.0245],
          [ 0.0174, -0.0261, -0.0014],
          [ 0.0029,  0.0683,  0.0438]],

         [[ 0.0123, -0.0256, -0.0565],
          [ 0.0136, -0.0445,  0.0387],
          [-0.0005,  0.0645,  0.0086]],

         [[-0.0499, -0.0169,  0.0097],
          [-0.0671,  0.0171, -0.0742],
          [ 0.0171, -0.0337, -0.0462]]],


        [[[ 0.0547,  0.0509, -0.0074],
          [-0.0336,  0.0023,  0.0092],
          [ 0.0466, -0.1569, -0.0418]],

         [[ 0.0816,  0.0187, -0.0313],
          [-0.0088, -0.0791,  0.0874],
          [ 0.0007, -0.0071,  0.0566]],

         [[-0.0617, -0.0153,  0.0212],
          [-0.0575,  0.0766, -0.0970],
          [-0.0059,  0.0647,  0.0199]],

         ...,

         [[ 0.0805, -0.0914,  0.0451],
          [ 0.0580, -0.0409,  0.0679],
          [ 0.0705,  0.0358, -0.0707]],

         [[ 0.0119, -0.0533, -0.0794],
          [-0.0951, -0.0342, -0.0121],
          [-0.0705, -0.0938, -0.0643]],

         [[-0.0318,  0.1031, -0.0600],
          [-0.0167,  0.0314, -0.0132],
          [-0.0267,  0.0735, -0.0237]]]])), ('features.8.bias', tensor([-4.6181e-10, -1.6673e-09,  1.9694e-09, -6.9974e-10, -1.5007e-09,
         1.8012e-09, -9.0387e-10,  6.4495e-10,  4.4952e-09,  3.0238e-09,
         7.0972e-10, -4.1290e-10, -4.9360e-10,  3.7446e-10,  5.1712e-10,
         3.0349e-09,  1.3201e-09, -2.7934e-09,  1.3908e-09, -4.2597e-09,
         1.1271e-09, -1.3138e-09,  1.4631e-09, -2.0422e-09, -2.0535e-09,
        -8.6160e-10, -1.3666e-10, -9.8023e-10, -6.4483e-11,  2.4617e-10,
        -7.8083e-10,  2.0649e-09,  4.1787e-10,  2.2722e-09,  2.3163e-10,
        -2.2252e-09,  3.8966e-09, -3.2604e-09,  2.9435e-10,  5.6382e-10,
         6.4426e-10,  2.6959e-09, -1.1338e-09, -9.3038e-10,  2.2341e-09,
        -2.4195e-10,  2.3521e-09, -2.3406e-09, -2.6060e-09, -8.1699e-10,
        -1.2973e-09,  1.0399e-09, -8.9170e-10,  5.9118e-10,  5.7986e-10,
         2.9569e-09, -3.6821e-10, -6.7177e-10,  9.5807e-10, -1.1979e-09,
         1.6906e-09,  1.8032e-09,  1.3073e-09,  2.2425e-09])), ('features.9.weight', tensor([1.0066, 0.9857, 1.0008, 0.9977, 1.0092, 1.0151, 0.9970, 0.9858, 1.0211,
        0.9984, 1.0168, 0.9969, 1.0004, 0.9986, 0.9947, 1.0061, 1.0053, 1.0108,
        1.0025, 1.0154, 1.0218, 1.0204, 0.9960, 1.0198, 0.9784, 1.0025, 1.0127,
        0.9996, 1.0015, 1.0088, 1.0122, 1.0019, 1.0015, 0.9946, 1.0007, 0.9987,
        1.0128, 0.9971, 1.0202, 1.0004, 1.0038, 0.9942, 0.9959, 0.9997, 0.9995,
        1.0133, 1.0181, 0.9807, 1.0020, 0.9902, 0.9975, 1.0021, 1.0026, 1.0010,
        1.0157, 1.0016, 0.9898, 1.0021, 1.0046, 1.0065, 1.0114, 0.9931, 0.9888,
        0.9941])), ('features.9.bias', tensor([-0.0010, -0.0185, -0.0160, -0.0180, -0.0043, -0.0110, -0.0126, -0.0222,
        -0.0034, -0.0142, -0.0065, -0.0259, -0.0063, -0.0088, -0.0216, -0.0065,
        -0.0079, -0.0174, -0.0097, -0.0081,  0.0009, -0.0070, -0.0139, -0.0107,
        -0.0205, -0.0111, -0.0136, -0.0170, -0.0112, -0.0148, -0.0081, -0.0174,
         0.0063, -0.0188, -0.0154, -0.0082, -0.0048, -0.0203, -0.0054, -0.0109,
        -0.0075, -0.0234, -0.0142, -0.0064, -0.0182, -0.0052,  0.0029, -0.0217,
        -0.0079, -0.0157, -0.0116, -0.0124, -0.0045, -0.0175, -0.0070, -0.0083,
        -0.0194, -0.0113, -0.0182, -0.0239, -0.0114, -0.0196, -0.0156, -0.0187])), ('features.9.running_mean', tensor([-0.5731,  0.0384,  0.9328, -2.1203, -0.1250, -0.5390,  0.3823, -0.8808,
        -0.2724, -2.2269,  0.7942, -0.3124, -0.6925,  0.8016,  0.4399, -0.3890,
        -1.1043, -1.3276, -1.4469, -0.7295, -1.0508, -1.4698, -0.5999,  0.6698,
         1.6494, -1.3067, -0.9575,  0.8176, -0.5457, -1.1392,  0.9753, -0.3818,
         0.4665, -0.1448, -0.3728,  0.8950, -0.0129, -0.7669, -0.4327, -0.2002,
        -0.0706, -0.4995,  1.5250, -0.3195, -0.0108,  0.0415,  0.2112,  1.2347,
        -0.8695,  0.7321,  1.0992, -1.7996,  0.1625, -1.2985, -0.5351,  0.4941,
         0.3216,  0.1529,  0.8476, -1.1422, -0.5170, -1.4062,  0.9127, -0.6780])), ('features.9.running_var', tensor([1.4714, 0.8331, 1.0189, 1.4395, 1.4096, 0.9248, 0.9509, 0.9047, 1.3189,
        0.9884, 1.0442, 1.1080, 0.7397, 1.1911, 0.9019, 1.3130, 1.5506, 1.2292,
        1.1097, 0.9620, 1.9415, 1.7133, 1.2577, 0.8469, 1.4097, 0.9403, 1.4350,
        1.0651, 1.2457, 1.3513, 1.0252, 1.4969, 1.1532, 0.8287, 0.9785, 0.7408,
        0.7868, 1.1829, 1.6597, 1.1821, 1.0534, 1.2229, 0.9705, 0.8419, 1.2403,
        0.6954, 1.1092, 1.2296, 0.9111, 1.1361, 1.1708, 1.2182, 0.9101, 1.3283,
        1.0670, 1.0603, 1.1272, 0.5416, 0.8227, 1.2397, 1.2873, 1.2375, 0.8916,
        1.1868])), ('features.9.num_batches_tracked', tensor(334)), ('denses.0.weight', tensor([[ 0.0186,  0.0070,  0.0058,  ..., -0.0119, -0.0087,  0.0148],
        [ 0.0033, -0.0091, -0.0001,  ..., -0.0045,  0.0101,  0.0027],
        [ 0.0031, -0.0019,  0.0073,  ..., -0.0047, -0.0148,  0.0065],
        ...,
        [ 0.0100,  0.0067, -0.0077,  ..., -0.0022,  0.0255, -0.0036],
        [-0.0060,  0.0007, -0.0022,  ...,  0.0044,  0.0081, -0.0073],
        [-0.0019,  0.0213,  0.0029,  ..., -0.0070, -0.0096,  0.0054]])), ('denses.0.bias', tensor([ 4.6661e-04, -7.1616e-04,  8.3362e-04, -3.6075e-04,  2.1753e-05,
         2.7809e-04,  1.4106e-04,  5.3969e-04, -1.8884e-05,  5.3227e-04,
         1.4725e-04, -1.5446e-03, -8.4712e-04, -7.2034e-04, -3.4736e-04,
        -4.8125e-04, -3.6373e-03,  2.5492e-04, -7.5089e-04, -4.9057e-05,
        -2.4801e-04, -6.2760e-04, -1.7476e-03,  1.5924e-03,  3.2656e-04,
        -9.7800e-04,  1.8867e-03,  5.0763e-04,  7.1737e-04,  7.0064e-04,
         2.2356e-03,  4.3201e-04,  1.6272e-03,  3.0631e-04, -9.4415e-04,
        -5.5511e-04,  3.9521e-04, -1.5203e-03,  1.0003e-03, -1.2179e-03,
         1.3502e-03,  1.7046e-03, -9.8410e-04, -1.9274e-03,  1.5671e-03,
        -2.1430e-03, -9.6911e-04,  2.3807e-04,  1.0970e-03, -1.0932e-03,
         4.4344e-04,  3.5713e-04, -5.5166e-05,  1.3978e-03, -1.5689e-03,
         3.5951e-03,  1.3118e-03, -3.7840e-05,  1.1469e-04,  1.1713e-03,
         7.5907e-04,  4.8687e-05, -2.0625e-04,  7.4344e-04,  2.2207e-04,
         6.3337e-04,  6.0197e-04,  3.9350e-04, -9.0529e-04,  1.7084e-04,
        -6.8449e-04, -6.3885e-04, -1.7042e-03, -4.5124e-04,  7.1493e-04,
         4.2856e-05,  2.1980e-03,  9.7959e-05,  5.4395e-05,  4.9612e-04,
         3.3357e-03, -4.6239e-04, -9.8197e-04, -1.0634e-03, -3.6405e-04,
         2.0013e-04,  9.0189e-04,  1.3546e-03, -3.0176e-03,  3.5759e-03,
        -2.7060e-03,  3.3719e-04,  1.6809e-03,  3.5517e-04,  2.3157e-03,
         3.5003e-04,  7.5923e-04, -3.7174e-04, -2.8200e-04, -2.5466e-04,
         1.0012e-03, -7.0483e-04,  1.5289e-04,  1.2558e-03,  7.9682e-04,
         1.8833e-03, -1.2289e-04, -2.5528e-03,  4.5552e-05, -1.4238e-03,
        -2.8606e-03, -6.3635e-04,  1.4869e-04,  2.3966e-03, -1.3993e-03,
        -8.8825e-04,  5.5426e-04, -3.1757e-04, -1.6240e-03, -8.8296e-04,
        -8.1847e-04,  3.1124e-04, -1.2786e-03,  2.8329e-04, -1.4641e-03,
         1.6315e-03,  2.4476e-04, -9.4624e-04])), ('denses.1.weight', tensor([[ 0.0004,  0.0255, -0.0100,  ..., -0.0590, -0.0218,  0.0387],
        [-0.1045, -0.0398, -0.0812,  ...,  0.0122, -0.0170, -0.0275],
        [ 0.0029,  0.0196,  0.0360,  ..., -0.0460,  0.0235,  0.0345],
        ...,
        [ 0.0657,  0.0371,  0.0589,  ..., -0.0284,  0.0148, -0.0150],
        [-0.0251, -0.0778, -0.0735,  ..., -0.0179, -0.0277, -0.0199],
        [-0.0514, -0.0047, -0.0212,  ...,  0.0293,  0.0565, -0.1201]])), ('denses.1.bias', tensor([-0.0314, -0.0149,  0.0226,  0.0490,  0.0299, -0.0179, -0.0267,  0.0095,
        -0.0390,  0.0188]))])