OrderedDict([('features.0.weight', tensor([[[[ 3.8494e-02, -5.6733e-02,  6.2779e-02],
          [ 2.8207e-02, -4.3735e-03, -3.0206e-02],
          [-7.2643e-02, -2.4347e-02, -8.4112e-03]],

         [[-3.2381e-02, -1.4553e-01,  6.6150e-02],
          [-1.1097e-01,  1.2796e-02, -1.2798e-01],
          [-4.5761e-02, -5.0266e-02, -9.9865e-02]],

         [[ 3.7817e-03, -1.8466e-01,  1.0173e-01],
          [-1.0706e-02, -9.9536e-02,  7.8253e-02],
          [-1.9570e-02, -1.9993e-01, -1.5677e-02]]],


        [[[-2.2476e-01, -9.6254e-02, -6.5072e-02],
          [-1.5754e-01, -6.5329e-02,  7.3899e-02],
          [ 6.2079e-03,  9.7913e-02,  1.7513e-01]],

         [[ 1.1027e-01,  3.8774e-03,  6.0013e-02],
          [ 6.5032e-03,  1.4357e-01,  1.3392e-02],
          [ 1.1495e-01, -1.9085e-02,  2.0572e-03]],

         [[-7.5104e-02,  6.0297e-02,  7.3042e-02],
          [ 1.4009e-01,  3.1094e-02,  1.5246e-02],
          [-7.1389e-02, -1.3302e-02, -1.6996e-01]]],


        [[[-9.1072e-02, -2.7172e-01, -3.2855e-02],
          [ 1.2798e-01, -5.1266e-02,  4.4064e-02],
          [-1.5831e-02,  2.3021e-01,  1.1927e-01]],

         [[-1.3413e-01, -1.0809e-01, -1.5736e-01],
          [ 1.4659e-03, -6.0567e-02, -1.0626e-01],
          [ 2.4974e-01,  2.1201e-01,  6.7774e-02]],

         [[-4.9119e-02,  4.4957e-02, -9.0107e-02],
          [-3.1378e-02, -7.1193e-02,  6.8769e-02],
          [ 4.4493e-02, -1.0598e-02,  7.8828e-02]]],


        [[[-1.9714e-01, -4.7415e-02, -1.8077e-01],
          [-5.4993e-02,  3.4476e-03, -1.0535e-01],
          [ 2.3748e-02, -2.0579e-01, -5.3040e-02]],

         [[-6.6832e-03, -2.1906e-02,  1.2173e-02],
          [-5.7184e-03,  1.0713e-01,  1.1591e-01],
          [ 1.4665e-02,  6.6955e-02, -6.2953e-03]],

         [[ 1.6316e-01,  8.7403e-02,  5.7493e-03],
          [ 1.3999e-01,  6.5059e-02,  9.9459e-02],
          [-5.4078e-02,  3.9996e-02,  1.0206e-01]]],


        [[[ 3.8657e-01, -1.8310e-01, -2.2676e-03],
          [-9.4298e-02, -1.4090e-01,  2.4969e-01],
          [-9.1000e-02,  1.5490e-01, -2.4752e-01]],

         [[ 1.8093e-01, -2.8346e-01,  8.1560e-02],
          [-1.3037e-01, -1.9698e-01,  1.4241e-01],
          [-6.1636e-02,  2.8559e-01, -6.8801e-02]],

         [[ 5.3732e-02, -2.6682e-01,  1.0566e-01],
          [-4.7726e-02, -4.5086e-02,  2.2579e-01],
          [-1.5873e-01,  3.6194e-01, -1.6635e-01]]],


        [[[-1.6395e-01, -4.3578e-02,  2.0636e-02],
          [-2.3651e-01, -2.7778e-02, -3.5731e-02],
          [-2.8012e-02, -2.1085e-01, -2.2346e-02]],

         [[ 7.9373e-02, -1.3971e-01, -1.2721e-01],
          [ 1.5158e-01, -9.9430e-02,  1.0624e-02],
          [-8.5435e-02, -3.1710e-02, -8.2257e-02]],

         [[ 5.9390e-02,  1.7934e-02,  1.2015e-02],
          [ 3.2426e-01,  1.9600e-01,  1.5162e-01],
          [ 1.6287e-01,  5.5820e-02,  7.7604e-02]]],


        [[[ 5.7408e-02,  3.6003e-02, -4.5595e-02],
          [ 9.6217e-02,  4.3082e-02, -3.6190e-03],
          [ 1.0016e-01,  2.0243e-03,  1.6196e-01]],

         [[-6.3460e-02, -4.2740e-02, -7.4525e-02],
          [-6.5211e-02, -1.8116e-01, -2.2565e-01],
          [-2.2689e-01, -1.4266e-01,  9.9908e-02]],

         [[ 1.5192e-01,  1.2426e-01,  3.8125e-02],
          [ 1.2287e-02, -4.4889e-02, -2.6719e-02],
          [-8.9035e-02, -9.8305e-02,  8.8787e-03]]],


        [[[-2.4092e-03, -4.0802e-02,  1.9378e-01],
          [-8.0422e-03,  9.7659e-02,  6.1588e-02],
          [ 1.3444e-01, -2.0886e-02, -1.7667e-01]],

         [[-1.2762e-02, -1.9007e-01, -1.2321e-02],
          [-5.2392e-02, -1.7271e-01, -2.3120e-01],
          [ 1.8583e-01,  1.9936e-02, -1.4971e-01]],

         [[-1.6738e-01, -4.0292e-03,  2.2248e-01],
          [ 1.5266e-02,  1.8049e-03, -8.1251e-02],
          [ 8.8920e-02,  2.3108e-02, -5.1793e-02]]],


        [[[-2.0009e-01, -3.2720e-02,  8.1373e-02],
          [-6.8818e-02, -3.3345e-02,  1.0557e-01],
          [ 1.0081e-01,  1.0594e-01, -7.7440e-02]],

         [[-3.4915e-02, -1.9761e-01,  1.3299e-01],
          [-1.1193e-01, -1.0316e-02, -1.6467e-02],
          [ 1.5304e-02,  1.7514e-01,  8.3280e-03]],

         [[-1.5579e-01, -6.6929e-02,  1.8960e-02],
          [-6.7253e-02,  5.1935e-02,  8.6539e-02],
          [-2.9453e-03,  3.8730e-02, -2.4532e-02]]],


        [[[ 1.7624e-01,  2.8410e-01,  1.3683e-01],
          [ 1.6359e-01,  7.0548e-02,  1.8461e-01],
          [-3.1535e-02,  1.1505e-01, -7.2945e-03]],

         [[-2.7138e-02, -1.4262e-01, -1.6167e-01],
          [-7.2293e-02, -2.2593e-02, -2.3327e-02],
          [-1.8487e-01, -1.6032e-01, -1.5449e-01]],

         [[-5.0804e-02, -1.2479e-01, -3.1365e-03],
          [-5.3855e-02, -8.6080e-02, -1.6285e-01],
          [ 2.2326e-01,  4.5698e-02,  8.2224e-02]]],


        [[[-1.3620e-01,  2.0423e-02,  5.5430e-02],
          [-7.5138e-02, -9.4198e-02,  1.1041e-01],
          [ 1.4983e-02, -7.3126e-02,  1.8156e-01]],

         [[ 8.9937e-02, -2.2938e-01, -1.5864e-01],
          [ 4.3057e-02, -4.8853e-02, -7.0342e-02],
          [-1.1744e-01,  1.5540e-01,  1.1402e-01]],

         [[-9.0881e-02, -1.6440e-01,  8.5138e-02],
          [-7.4543e-02,  9.7772e-03,  1.4484e-01],
          [-1.5517e-01, -3.8530e-02, -4.2068e-03]]],


        [[[-6.0820e-02,  8.0412e-02,  3.4577e-02],
          [ 3.5249e-02,  1.0112e-01,  8.3419e-02],
          [ 6.0857e-02, -4.2944e-02,  3.1295e-02]],

         [[-1.1173e-01,  9.3235e-03, -3.0525e-02],
          [ 5.9866e-02, -4.5834e-02, -1.4933e-02],
          [-1.2804e-02, -6.6821e-03, -1.2554e-01]],

         [[ 3.3958e-02,  6.6211e-02,  1.7325e-01],
          [ 1.3185e-01, -3.2692e-02,  1.5847e-02],
          [ 9.4897e-02,  2.1654e-01, -1.2276e-01]]],


        [[[ 4.1730e-02,  6.7804e-02, -2.0338e-02],
          [-1.1387e-01, -5.9866e-02,  1.2818e-02],
          [-4.1129e-02,  9.1605e-02,  1.1330e-02]],

         [[ 3.9757e-02,  6.4420e-02,  5.4490e-02],
          [-1.3955e-01, -1.5753e-01, -5.8188e-03],
          [-6.7249e-02, -3.1651e-02,  3.3504e-02]],

         [[ 3.5054e-02,  1.7365e-01, -7.3144e-02],
          [-1.5706e-01, -6.2122e-02, -1.4534e-01],
          [-8.6380e-02, -6.6017e-02, -1.5888e-01]]],


        [[[ 4.3398e-02,  1.8408e-01,  1.0234e-01],
          [-3.8406e-02, -9.0550e-02,  1.5653e-02],
          [-9.6127e-02, -2.3492e-01,  3.0446e-03]],

         [[ 1.8253e-01,  1.6591e-01, -8.3225e-02],
          [ 1.5647e-01,  3.1037e-02, -7.2293e-02],
          [-2.7432e-01, -1.6683e-01,  2.2859e-02]],

         [[ 1.8165e-01,  1.9431e-02,  6.7931e-02],
          [ 1.0735e-02,  2.4446e-02, -1.4490e-01],
          [-8.1397e-02, -8.2944e-02,  6.9679e-02]]],


        [[[ 6.2195e-03,  9.1462e-02,  2.3171e-01],
          [-1.1348e-01, -5.7838e-02,  2.3060e-01],
          [-1.3147e-01, -6.7798e-02, -1.4303e-01]],

         [[-1.2342e-01,  1.2604e-01,  5.9744e-02],
          [-1.2339e-01,  3.8687e-02,  5.6112e-02],
          [-1.4765e-01, -1.1915e-01,  1.5898e-02]],

         [[ 1.1556e-01,  5.4213e-02,  6.8527e-02],
          [-1.6109e-02, -5.7031e-02,  5.1888e-02],
          [-6.8017e-03, -1.7302e-01,  7.8414e-02]]],


        [[[ 8.4396e-02,  6.2181e-02, -9.2868e-02],
          [-4.4162e-02, -3.2953e-02,  3.4397e-02],
          [-6.6541e-02, -5.1394e-02,  9.7467e-02]],

         [[ 1.8287e-01,  2.6583e-01, -1.1383e-01],
          [ 4.0570e-02,  1.8752e-01,  9.0042e-02],
          [-6.1155e-02,  1.0184e-01,  2.3974e-01]],

         [[-3.1132e-02, -9.5029e-02, -1.3539e-01],
          [-6.4909e-02, -1.7847e-01, -9.8214e-02],
          [-1.2933e-01, -1.9161e-01, -4.0239e-02]]],


        [[[-1.5496e-01, -2.0603e-01,  1.1838e-01],
          [ 7.4204e-02, -3.7217e-02, -2.2862e-02],
          [ 1.6501e-01,  6.3526e-02, -1.6843e-02]],

         [[ 4.0992e-02, -1.6546e-01, -1.2834e-01],
          [ 4.9948e-02,  2.9556e-02, -2.7322e-02],
          [ 2.6886e-02,  1.9038e-01, -4.0719e-03]],

         [[-2.1300e-02, -8.5037e-02,  1.7109e-01],
          [-4.1716e-02,  4.7138e-03, -2.2271e-01],
          [-4.4748e-02,  1.3474e-01, -8.5731e-04]]],


        [[[-2.4054e-01, -7.3010e-02,  1.5812e-01],
          [-2.9167e-03,  7.3335e-02, -5.3362e-02],
          [ 3.9779e-02,  5.6554e-02,  1.6637e-02]],

         [[-2.4737e-02,  1.7283e-02, -6.5863e-02],
          [-1.1251e-01, -1.1431e-01,  5.5996e-02],
          [-7.1842e-02, -1.5367e-01, -5.9509e-02]],

         [[-3.0026e-02,  2.1129e-01,  1.0120e-01],
          [-8.0215e-02, -4.9081e-02,  4.9256e-02],
          [-7.1651e-02,  4.2877e-03,  1.1331e-01]]],


        [[[-1.4178e-01, -1.5749e-02,  2.1148e-01],
          [-5.4960e-02,  1.9967e-02,  1.0176e-01],
          [-4.3177e-02, -5.4575e-03, -1.2831e-02]],

         [[-3.1630e-01, -5.6695e-02,  2.1456e-01],
          [-1.1533e-01, -1.6917e-02,  1.7819e-01],
          [-1.7379e-01,  1.0755e-01,  4.8603e-02]],

         [[-1.4811e-01, -1.0420e-02,  3.0926e-01],
          [-2.1858e-01, -1.0391e-01,  2.1335e-01],
          [-3.2878e-02,  5.0466e-02,  1.5418e-02]]],


        [[[ 8.2530e-02, -1.5709e-01,  9.3585e-02],
          [ 5.9854e-02, -1.7743e-01,  8.6292e-02],
          [ 8.4983e-02, -1.1187e-01,  1.0195e-01]],

         [[-3.3709e-02, -2.0027e-01,  5.8088e-02],
          [-2.8649e-02, -4.8606e-02,  1.0548e-01],
          [ 5.7030e-02, -2.3216e-01, -3.3321e-02]],

         [[ 6.2795e-02, -6.9678e-02,  8.4875e-02],
          [ 2.4188e-01,  3.8621e-02,  9.0689e-02],
          [ 6.1883e-02, -8.8965e-02,  3.3680e-02]]],


        [[[ 5.5438e-02, -1.5517e-01,  1.2307e-01],
          [ 1.9430e-01,  2.1718e-02, -1.1809e-01],
          [ 1.0448e-01, -1.1004e-01,  1.2015e-01]],

         [[-8.7423e-03, -1.2145e-01,  1.0703e-01],
          [ 9.9387e-02,  7.1982e-02,  4.6238e-03],
          [-1.2500e-02, -2.6074e-01,  8.6605e-02]],

         [[-3.1933e-02,  1.6792e-02,  1.0883e-01],
          [ 1.7398e-01, -9.3369e-02, -1.2552e-02],
          [ 5.3971e-02, -9.0652e-02,  1.0804e-01]]],


        [[[-6.8876e-02,  3.6372e-02,  1.6470e-01],
          [ 4.7461e-02,  5.7105e-02,  1.2936e-01],
          [ 5.3004e-02,  7.1956e-03,  9.1489e-02]],

         [[ 9.9152e-02,  7.8255e-02,  7.8725e-02],
          [-5.2102e-02,  5.0006e-02,  3.8480e-02],
          [-1.8176e-01, -6.3715e-02, -3.1564e-02]],

         [[-1.7118e-02,  1.1408e-01,  7.9335e-02],
          [-3.8464e-02, -9.0221e-02, -2.7518e-02],
          [ 4.7001e-02, -2.4558e-02,  7.4568e-02]]],


        [[[ 2.0568e-01, -5.6714e-02, -8.7595e-02],
          [ 8.2098e-02,  9.1152e-02,  1.2284e-02],
          [ 1.9282e-02,  5.0896e-02,  3.6395e-02]],

         [[ 4.2208e-03, -7.6507e-02, -1.3683e-01],
          [ 1.3699e-02, -1.1323e-01, -1.7401e-01],
          [ 1.7674e-01,  1.1360e-03, -2.0276e-01]],

         [[ 8.1115e-02, -3.9011e-02, -1.5699e-01],
          [ 1.8172e-01,  7.1069e-02, -1.6593e-01],
          [ 1.0037e-01,  8.9338e-02, -2.5214e-02]]],


        [[[ 4.6160e-02,  1.0041e-01, -2.4844e-02],
          [ 4.2756e-02,  1.5919e-02,  5.4449e-02],
          [ 6.1920e-02,  1.4167e-01,  6.2775e-02]],

         [[-7.1954e-02,  1.1102e-01, -5.5761e-02],
          [ 1.8279e-02,  1.4634e-01,  3.4100e-02],
          [ 1.0730e-01,  2.6404e-02,  8.0307e-02]],

         [[-4.1244e-02, -2.3320e-02,  8.7486e-03],
          [ 1.2819e-01, -6.2467e-02, -4.1023e-02],
          [-5.5045e-02,  6.2609e-03, -4.7422e-02]]],


        [[[ 1.6979e-01,  4.8816e-02, -9.2435e-02],
          [-3.2215e-02, -4.4415e-02, -3.9201e-02],
          [ 3.0648e-02, -1.5261e-01, -3.5344e-02]],

         [[-3.1423e-02,  7.4389e-03,  2.5153e-02],
          [ 4.7639e-02, -5.8145e-02,  4.0134e-02],
          [-6.1396e-02,  8.1637e-02, -1.1813e-01]],

         [[ 4.0556e-02,  5.0857e-02,  1.0750e-01],
          [ 8.3178e-02,  1.5066e-01, -7.8674e-02],
          [ 9.1340e-02,  9.2210e-02,  1.1400e-01]]],


        [[[-1.1819e-03, -9.4252e-02, -2.5005e-01],
          [-1.2191e-01,  2.8836e-02, -5.8647e-02],
          [ 1.5869e-02, -1.2164e-01, -4.3543e-02]],

         [[-5.9289e-02, -5.8694e-02,  2.4404e-02],
          [-1.4056e-01,  4.5893e-02,  3.7693e-02],
          [ 7.6768e-02,  5.4472e-03,  1.0367e-01]],

         [[-8.2471e-02, -1.1238e-01,  9.2301e-02],
          [ 2.8613e-02, -9.0958e-02,  2.5185e-02],
          [ 1.2644e-01,  1.4967e-01,  1.5988e-01]]],


        [[[-4.3415e-02,  7.5714e-02, -1.0320e-01],
          [-8.6675e-03, -1.1387e-01,  4.8441e-02],
          [-7.4207e-02, -8.9563e-02,  3.3286e-02]],

         [[-2.9796e-04, -1.7070e-02,  6.7264e-02],
          [-1.7973e-01, -1.3912e-01, -6.3950e-02],
          [ 2.8020e-02,  4.8236e-02, -8.3896e-02]],

         [[ 3.8372e-02, -7.5626e-02, -1.8059e-01],
          [-5.6164e-02, -1.0834e-01,  3.0044e-02],
          [ 4.8950e-03,  5.7675e-02,  1.3904e-01]]],


        [[[ 1.7448e-02, -3.6499e-02, -8.6556e-02],
          [ 1.4881e-01, -9.8468e-03, -7.4732e-02],
          [-1.1858e-01,  8.3067e-02, -1.8793e-01]],

         [[ 1.3755e-01,  7.4912e-02,  1.6889e-02],
          [ 1.0054e-01,  1.6753e-01, -6.4577e-02],
          [ 7.9523e-02,  9.8564e-02, -3.0293e-01]],

         [[ 1.8592e-02,  1.6282e-01, -1.9859e-01],
          [-2.9554e-03, -1.2453e-01, -6.8175e-02],
          [ 8.0432e-02, -3.3488e-02, -7.7254e-02]]],


        [[[-1.0069e-01, -3.1846e-02, -4.0797e-02],
          [ 5.6751e-02,  1.2895e-01, -8.9670e-02],
          [ 8.0628e-02,  8.0970e-02,  2.5604e-02]],

         [[-8.5469e-02, -4.4855e-02,  5.6442e-02],
          [-9.5887e-03, -8.6132e-02,  9.0810e-02],
          [-1.3632e-01,  8.2777e-02, -1.0949e-02]],

         [[ 3.9339e-02,  6.7143e-02,  5.9213e-03],
          [ 1.9707e-01,  1.6660e-02, -2.7382e-02],
          [ 1.8974e-02,  2.7303e-02,  1.3984e-01]]],


        [[[ 4.4580e-03,  1.4271e-01, -4.2527e-02],
          [ 1.1016e-01,  5.7622e-02, -1.1637e-01],
          [-2.1376e-01, -2.2160e-02,  1.1135e-02]],

         [[ 8.7817e-02,  2.0047e-01, -6.2037e-02],
          [ 4.2063e-02, -1.5639e-02, -1.3995e-01],
          [-1.0604e-01, -7.4295e-02, -1.9723e-01]],

         [[ 4.4181e-02,  4.0374e-02, -4.3634e-02],
          [ 6.1185e-02, -1.0235e-01,  7.5392e-02],
          [-1.2421e-01,  5.6797e-02, -4.4227e-02]]],


        [[[-1.0870e-01,  4.3542e-03,  8.7895e-02],
          [-1.6806e-01,  2.8553e-03, -1.2459e-01],
          [ 1.0232e-01,  3.1709e-01,  1.1016e-01]],

         [[-3.4501e-02, -1.4167e-02, -1.7673e-01],
          [-1.4669e-01, -4.6598e-02, -1.7184e-01],
          [ 1.1731e-01,  1.0226e-01,  1.1980e-01]],

         [[-8.7941e-02,  1.1158e-01, -1.0549e-01],
          [-3.5037e-03, -7.2753e-02,  1.5260e-02],
          [ 1.5166e-02,  4.6504e-02,  1.6584e-01]]],


        [[[-6.3139e-03, -7.0632e-02,  1.2698e-01],
          [-1.4476e-01,  3.1397e-02, -1.8158e-01],
          [-6.8364e-02, -6.7688e-03, -6.7770e-02]],

         [[ 1.8607e-02,  6.1667e-02, -1.0173e-01],
          [-1.0876e-01, -1.6460e-01, -3.0193e-02],
          [ 3.0774e-02, -1.2011e-02, -1.2217e-01]],

         [[ 1.7284e-01,  9.1262e-02, -5.4136e-02],
          [-1.1627e-01,  8.0827e-02, -1.8419e-02],
          [-2.4574e-02,  7.1994e-02, -5.4430e-02]]]])), ('features.0.bias', tensor([-1.4287e-09, -2.2075e-08, -8.4791e-09, -1.3717e-08, -6.5750e-09,
         8.9894e-09, -8.9308e-09,  2.0888e-09, -2.8086e-08, -2.5779e-08,
         8.4857e-09,  6.1100e-09, -1.4602e-08,  1.8290e-08,  6.3385e-09,
        -1.1729e-08,  4.4270e-09,  1.2438e-08,  1.1190e-08, -1.1316e-08,
         1.5199e-09, -2.8038e-09,  4.7408e-09, -5.2351e-10, -1.6367e-08,
        -1.1293e-08,  9.0390e-09, -8.1203e-10,  2.3566e-09,  1.2133e-09,
        -9.9681e-09,  1.5374e-09])), ('features.1.weight', tensor([0.9836, 1.0075, 1.0320, 0.9653, 1.0293, 0.9938, 0.9724, 1.0051, 0.9765,
        1.0339, 1.0159, 0.9992, 0.9644, 1.0382, 1.0283, 0.9689, 0.9995, 0.9774,
        1.1311, 0.9954, 0.9759, 0.9960, 1.0481, 0.9881, 0.9766, 0.9732, 0.9784,
        1.0316, 0.9516, 0.9895, 1.0080, 0.9481])), ('features.1.bias', tensor([-0.0250, -0.0061,  0.0583, -0.0180,  0.0450,  0.0328, -0.0261,  0.0208,
         0.0209, -0.0813,  0.0217,  0.0131, -0.0249, -0.0441, -0.0046, -0.0085,
         0.0481, -0.0201,  0.0019,  0.0049, -0.0071, -0.0360, -0.0381, -0.0157,
        -0.0246, -0.0091,  0.0066,  0.0700, -0.0575, -0.0270,  0.0441, -0.0522])), ('features.1.running_mean', tensor([ 2.8998e-01, -7.9938e-02,  2.6788e-04, -5.8002e-02,  1.5979e-02,
        -9.8191e-04,  1.4126e-01,  9.6006e-02,  4.8811e-02,  9.5606e-03,
         1.3302e-01, -1.8451e-01,  2.3117e-01,  3.5214e-02,  4.3359e-02,
         1.5128e-02,  2.3314e-02,  9.7675e-02,  1.7453e-03, -2.4958e-02,
        -9.1279e-02, -1.7335e-01,  6.0654e-03, -2.3078e-01, -1.1171e-01,
         8.3441e-02,  2.3471e-01,  3.9137e-02, -1.3275e-01,  8.8815e-02,
         1.3385e-02,  1.8830e-01])), ('features.1.running_var', tensor([1.3905, 0.2039, 0.8146, 0.3537, 0.1782, 0.5201, 0.4240, 0.3062, 0.3878,
        0.3360, 0.5932, 0.6175, 1.0944, 0.7433, 0.7354, 0.2944, 0.2923, 0.3615,
        1.3174, 0.3386, 0.3546, 0.7259, 0.7140, 0.9324, 0.3886, 0.4971, 0.9404,
        0.6235, 0.3673, 0.5089, 0.6321, 0.7337])), ('features.1.num_batches_tracked', tensor(501)), ('features.4.weight', tensor([[[[ 3.6575e-02,  5.4661e-02,  2.2474e-02],
          [-8.2515e-02, -1.2695e-02, -3.0101e-02],
          [ 4.6817e-03,  6.7549e-02, -9.4018e-02]],

         [[-1.0628e-01, -7.8499e-02,  5.5413e-02],
          [-2.1069e-02, -5.5028e-02,  1.0036e-01],
          [ 9.5155e-02, -6.8190e-02, -1.4991e-02]],

         [[-3.9998e-02, -8.1852e-02, -3.4680e-02],
          [ 1.6769e-02,  1.2055e-01,  4.0090e-02],
          [-1.4989e-01, -4.8367e-02, -6.1315e-02]],

         ...,

         [[-2.5804e-04, -8.1521e-02,  8.8087e-03],
          [-4.8293e-02, -3.3671e-02,  2.9637e-02],
          [ 1.4991e-02,  4.5847e-02, -5.4399e-03]],

         [[ 2.3447e-02, -3.3312e-02, -8.4537e-03],
          [-3.4540e-02, -7.4648e-03, -4.9455e-02],
          [-1.4848e-02,  1.4809e-02,  7.5762e-02]],

         [[ 8.3760e-02,  4.4879e-02, -3.4740e-02],
          [ 5.6588e-02,  1.0791e-01, -3.6657e-03],
          [-1.1738e-04,  3.4507e-02, -7.5371e-02]]],


        [[[-1.2711e-03,  6.1234e-02, -7.2306e-02],
          [ 3.1223e-02, -3.1216e-02,  1.1432e-02],
          [-6.4400e-03, -7.6992e-03, -3.9532e-02]],

         [[ 8.5888e-02,  4.5883e-02,  4.0758e-02],
          [ 3.6711e-02,  2.6264e-02,  6.4244e-02],
          [ 8.5565e-03,  1.8753e-02,  1.1655e-01]],

         [[-4.7936e-02,  4.9114e-02,  2.9602e-04],
          [-3.9216e-02, -4.7095e-02, -4.8749e-02],
          [-5.3847e-02,  9.3443e-02,  1.0001e-02]],

         ...,

         [[-6.6229e-03, -1.3107e-01,  5.4439e-02],
          [-6.3791e-02,  5.9141e-03, -5.3285e-02],
          [ 1.6459e-02,  1.2373e-01,  8.6048e-02]],

         [[-1.0132e-01,  5.2921e-02, -3.9479e-02],
          [ 1.0751e-01, -3.5472e-02, -2.8036e-02],
          [ 3.0746e-02, -9.0478e-02, -2.4207e-02]],

         [[ 2.3776e-02, -3.1315e-02,  2.4389e-02],
          [ 4.4633e-02,  1.0419e-02,  8.4705e-02],
          [-5.6022e-03, -6.6551e-03,  3.0769e-02]]],


        [[[ 4.8627e-02,  1.3181e-02, -3.7580e-02],
          [ 8.0661e-03, -4.4395e-02, -1.2905e-01],
          [-1.0270e-01, -3.0103e-02, -4.5845e-02]],

         [[ 1.0381e-01,  7.1232e-02, -5.8681e-02],
          [ 3.6280e-02, -2.2823e-02, -6.1222e-02],
          [-2.5936e-02, -1.5458e-01, -1.0242e-01]],

         [[ 1.2417e-01,  3.6211e-02,  1.0830e-02],
          [ 1.6966e-02,  4.5401e-02, -6.0339e-03],
          [-9.9451e-03, -3.4040e-02, -8.9508e-02]],

         ...,

         [[-2.4224e-02, -3.3749e-02,  4.1082e-02],
          [ 4.1214e-02, -1.4685e-02,  6.7548e-02],
          [ 7.3236e-03,  1.9290e-02,  7.1068e-03]],

         [[ 9.5944e-02,  4.3937e-02,  3.1327e-02],
          [-5.6588e-02,  4.2668e-02,  5.8232e-02],
          [-5.9729e-02, -8.7457e-02,  2.9710e-02]],

         [[ 4.5145e-03, -2.0629e-02,  8.1001e-02],
          [ 6.8761e-02, -7.1492e-02, -2.8092e-03],
          [-1.0795e-02, -1.1644e-01, -5.2137e-02]]],


        ...,


        [[[-8.2792e-02, -1.9091e-01,  1.7789e-02],
          [-9.4514e-03, -1.3524e-02, -4.8741e-02],
          [-3.6517e-02,  4.7250e-02,  2.1567e-02]],

         [[ 3.5393e-02, -2.6621e-02, -5.2255e-02],
          [-3.4511e-02, -5.7027e-03, -1.2920e-02],
          [ 1.8102e-01,  6.8059e-02, -5.2049e-02]],

         [[ 1.4899e-02, -2.9437e-02, -6.5624e-02],
          [ 5.4881e-02,  2.3271e-02,  7.6528e-02],
          [-1.0798e-02,  8.5257e-02,  3.1925e-02]],

         ...,

         [[ 2.8208e-02, -1.3618e-02, -3.2998e-02],
          [ 3.5924e-02,  8.6394e-02, -7.4557e-02],
          [ 8.3162e-02, -1.1089e-01, -6.1327e-02]],

         [[ 2.7999e-02, -3.6072e-02, -1.3009e-01],
          [-8.5816e-02,  9.5662e-02,  1.1126e-01],
          [ 1.2764e-01,  7.3264e-03,  6.6782e-02]],

         [[-6.6446e-02,  5.6816e-02, -3.1609e-02],
          [ 4.4513e-02,  1.9961e-03,  7.3944e-02],
          [ 6.9117e-02,  2.2836e-02, -4.5555e-03]]],


        [[[-6.1791e-02,  2.9599e-02,  1.4207e-02],
          [ 3.7002e-02,  2.1556e-03,  3.8529e-02],
          [ 4.6818e-02, -7.4982e-03, -8.0521e-02]],

         [[-1.1044e-01, -1.0805e-01, -9.4748e-02],
          [ 8.1018e-02, -5.6367e-03, -5.0048e-02],
          [ 2.9346e-02, -7.7446e-02, -9.4532e-02]],

         [[ 3.8761e-02,  2.2900e-02,  6.2303e-04],
          [-6.4720e-02,  5.4558e-02,  1.0731e-02],
          [ 6.2428e-02, -9.4212e-02, -6.8700e-02]],

         ...,

         [[-1.0479e-02, -5.7859e-02, -1.0522e-01],
          [-4.6273e-02, -1.4296e-02,  1.7372e-02],
          [ 5.4720e-02, -2.6894e-02, -7.7089e-02]],

         [[ 4.4159e-02,  9.9054e-02,  2.3375e-02],
          [-9.3496e-02,  1.5010e-01, -8.2366e-02],
          [-8.8881e-02,  3.7568e-02,  2.1414e-03]],

         [[ 6.0915e-03, -2.0130e-02, -9.5342e-02],
          [-2.9555e-02,  3.3659e-02,  1.3521e-01],
          [ 2.1034e-02,  1.8874e-02, -1.4548e-01]]],


        [[[-8.2110e-02,  7.2349e-02,  5.2721e-02],
          [-1.2971e-02,  4.7251e-02, -8.7830e-02],
          [-3.5563e-02, -1.7225e-02,  2.2247e-02]],

         [[ 6.8134e-03,  2.2144e-02,  8.9577e-03],
          [-2.0962e-01,  4.9670e-02, -3.3476e-02],
          [ 3.9040e-02,  7.4102e-02,  4.4674e-02]],

         [[ 1.6028e-02, -1.7993e-02,  2.6931e-02],
          [-7.6746e-02, -7.4314e-02, -2.4462e-02],
          [-3.3849e-02,  3.8034e-02, -2.6840e-02]],

         ...,

         [[ 7.9170e-02, -7.7457e-02,  1.7726e-02],
          [-1.3630e-02, -2.6202e-03,  7.1078e-02],
          [-7.5201e-02,  4.6196e-02,  2.2408e-02]],

         [[-2.7506e-02, -1.6355e-02, -3.5164e-02],
          [ 1.2746e-01, -3.0212e-02, -4.3228e-02],
          [ 1.0117e-01, -2.1877e-02, -4.9781e-02]],

         [[-4.4423e-02,  9.4029e-02, -2.3017e-03],
          [-5.5917e-02, -9.5027e-02,  1.8828e-02],
          [-3.9741e-02,  3.5293e-02,  2.1759e-02]]]])), ('features.4.bias', tensor([ 1.4138e-09, -1.0875e-09, -8.5091e-10,  2.3622e-09, -3.0211e-09,
         8.4563e-10,  2.4565e-09,  6.1065e-09, -1.0033e-08,  7.8288e-09,
        -1.0019e-08,  2.0168e-09, -2.0173e-09, -2.5229e-09,  1.8345e-09,
        -2.1701e-09,  1.7440e-09, -8.9041e-09, -1.8281e-10, -6.4476e-10,
        -5.8422e-09,  4.2061e-09, -4.2500e-09, -2.4904e-09,  5.5309e-09,
        -2.9213e-09, -3.2827e-09, -2.3557e-09, -1.6005e-09, -2.7628e-09,
         4.3920e-09, -8.0888e-10, -9.9200e-09, -1.7850e-09,  9.8091e-09,
        -3.4667e-09, -8.6143e-09, -1.6996e-09, -3.8747e-09,  3.6101e-09,
        -2.3768e-09,  6.6080e-09,  3.4796e-09,  4.7652e-09, -6.9525e-10,
        -7.5706e-09, -9.2693e-09,  3.2496e-09, -7.9903e-10, -1.7120e-09,
        -2.0090e-09, -2.4053e-09, -5.8190e-09, -1.4070e-09, -5.8118e-09,
        -4.1068e-09, -8.1738e-10, -4.1407e-09, -6.2225e-09,  3.5601e-09,
        -3.0951e-09, -1.0299e-09, -3.8562e-09,  7.6865e-09])), ('features.5.weight', tensor([0.9718, 0.9730, 1.0047, 0.9977, 0.9815, 1.0162, 0.9767, 1.0080, 0.9876,
        1.0162, 0.9936, 0.9814, 0.9859, 0.9912, 0.9968, 1.0198, 0.9999, 1.0202,
        1.0216, 1.0456, 1.0200, 0.9584, 0.9882, 1.0049, 0.9851, 1.0084, 1.0026,
        0.9740, 0.9774, 0.9778, 0.9679, 0.9831, 1.0010, 1.0122, 1.0171, 0.9926,
        1.0434, 0.9834, 1.0365, 0.9944, 0.9843, 0.9866, 0.9809, 0.9937, 0.9922,
        1.0067, 1.0334, 0.9738, 0.9788, 1.0070, 0.9944, 1.0099, 0.9915, 1.0386,
        1.0225, 1.0245, 0.9794, 1.0416, 0.9956, 1.0110, 0.9910, 1.0045, 0.9809,
        1.0517])), ('features.5.bias', tensor([-2.0862e-02, -1.0388e-02,  1.3218e-05, -8.8538e-03, -9.6922e-03,
        -9.6075e-03, -1.3807e-02, -1.3235e-02, -1.5878e-02,  1.1990e-03,
         7.7842e-03, -2.5948e-02, -1.9031e-02, -2.1377e-02, -8.1323e-03,
        -1.1463e-02, -4.0697e-03, -7.2208e-03,  7.2826e-03,  7.1036e-03,
         2.3868e-03, -2.7774e-02, -1.4225e-04, -1.1100e-02, -2.1121e-02,
        -1.8951e-02, -1.5545e-02, -1.5074e-02, -1.6500e-02, -2.7216e-02,
        -1.4016e-02, -1.0330e-02,  2.6496e-03, -1.6555e-02, -1.7099e-02,
        -5.6826e-03, -1.0487e-02, -1.6901e-02,  8.5003e-04, -8.2282e-03,
        -1.7903e-02, -4.3356e-02, -3.9719e-03, -5.1119e-03, -6.7659e-03,
        -8.5674e-03,  5.9492e-03, -8.4957e-03, -1.3378e-03, -9.4168e-03,
         7.5270e-03, -8.7627e-03, -1.1420e-02, -7.0537e-03,  1.3186e-03,
         1.7729e-02, -1.5598e-02,  1.7442e-02,  5.2079e-03, -8.4957e-03,
         1.7339e-03, -1.2109e-02,  5.4210e-03, -3.0305e-03])), ('features.5.running_mean', tensor([ 0.3295, -0.7877,  0.3896, -1.4033,  1.0957, -0.5434, -0.1475, -0.8199,
        -0.1038, -1.3956, -0.5113,  0.5311,  0.0607,  0.6163, -0.5723, -1.9713,
        -0.4599, -0.3801, -0.5194, -0.3117,  0.3072,  0.1430, -0.0102,  0.9160,
         0.4831, -0.3580, -0.5473,  0.1795, -0.9861, -0.2861,  1.1587, -0.1683,
         0.7091, -1.3063, -0.5283, -0.3054, -0.5077,  0.9541, -1.1708, -0.2671,
        -0.8636,  0.4173,  0.8320, -0.9461, -0.4711, -1.6207, -0.7885, -0.3678,
         1.2677,  1.3475,  0.9287,  0.3648, -0.0094, -0.2346, -1.7019, -0.4071,
        -0.2766, -0.3685, -0.7305, -0.0331, -1.1067, -0.2150, -0.1603,  0.1257])), ('features.5.running_var', tensor([1.0430, 0.6907, 0.9774, 0.9843, 0.8849, 0.7218, 0.8076, 1.0567, 1.1568,
        0.7818, 0.6820, 0.7323, 1.0293, 1.1475, 1.2142, 1.3961, 0.9838, 0.3435,
        0.7186, 0.8076, 0.7068, 0.7858, 0.5778, 1.0689, 0.6584, 0.5974, 0.5579,
        0.7340, 0.7629, 0.8663, 0.7766, 0.4954, 1.0730, 0.9114, 0.5841, 0.3877,
        1.2171, 0.8672, 0.5704, 0.6341, 0.7639, 0.5417, 0.7086, 0.6348, 0.6055,
        0.8479, 0.9107, 1.1552, 1.0147, 0.8104, 0.8046, 0.7266, 0.6857, 0.9387,
        0.8988, 0.5060, 0.7700, 1.1675, 0.6652, 1.0056, 0.7768, 0.5857, 0.5522,
        0.4263])), ('features.5.num_batches_tracked', tensor(501)), ('features.8.weight', tensor([[[[-1.1413e-01,  8.6793e-03, -8.7150e-03],
          [-6.2294e-02,  2.1187e-02,  2.1752e-02],
          [-5.7024e-03,  3.7912e-02, -3.2005e-02]],

         [[ 4.7952e-02, -3.6584e-02, -5.2399e-02],
          [ 4.2247e-02, -1.4554e-01,  6.7442e-02],
          [ 1.1751e-01, -2.5300e-02,  7.0133e-02]],

         [[ 6.6084e-02, -5.2773e-02, -1.5984e-01],
          [-1.4220e-02,  3.8999e-02,  3.0871e-02],
          [-3.3146e-02,  4.2688e-02,  8.3202e-04]],

         ...,

         [[ 2.6906e-02, -1.0485e-01,  9.0551e-02],
          [ 3.0010e-03, -1.9633e-02, -3.8459e-02],
          [-2.8278e-02, -1.8216e-01, -2.9508e-02]],

         [[ 2.3425e-02, -1.1899e-02,  6.2279e-02],
          [ 3.8356e-02, -4.9439e-02,  2.4705e-02],
          [ 1.4281e-03,  1.7898e-02, -3.4648e-02]],

         [[ 4.2769e-02,  3.5469e-02, -2.5769e-02],
          [-3.5771e-02, -2.5005e-02,  1.0216e-01],
          [ 6.0818e-02, -7.3286e-03,  1.1418e-02]]],


        [[[ 7.5149e-02, -1.2363e-03, -1.8170e-02],
          [ 7.1390e-02, -6.5780e-02,  5.4702e-02],
          [-9.4929e-02, -8.4598e-02,  3.5463e-02]],

         [[-6.9850e-02,  2.3746e-02, -7.0103e-02],
          [-1.0583e-02, -1.8464e-02, -6.6238e-02],
          [ 2.0205e-03, -7.0469e-02,  5.6973e-02]],

         [[-3.3264e-02,  5.7239e-03,  9.2278e-04],
          [ 4.4771e-02, -1.0402e-02,  1.6420e-02],
          [-5.4691e-02,  5.1247e-02, -4.6907e-02]],

         ...,

         [[ 6.3669e-02, -1.3263e-01,  1.8512e-02],
          [-1.3665e-02, -3.0104e-03, -4.2895e-02],
          [ 8.0785e-02, -8.9067e-02, -1.5303e-01]],

         [[-4.0794e-03,  1.4282e-02,  3.0634e-02],
          [ 3.1354e-02,  1.9277e-02, -1.1758e-02],
          [ 9.2383e-02, -5.1987e-02,  3.1427e-02]],

         [[-3.9393e-02, -4.1061e-02, -4.6912e-02],
          [-4.7994e-02, -2.1531e-02,  9.2491e-03],
          [-1.1459e-01,  8.3712e-03, -1.2966e-02]]],


        [[[ 8.5343e-02,  4.3505e-02,  2.7262e-02],
          [-1.3966e-01,  7.3179e-03, -3.9509e-02],
          [ 6.7369e-02, -3.6760e-02,  7.3489e-02]],

         [[-1.6647e-02,  4.5111e-03,  3.2281e-02],
          [-6.0916e-02,  3.5156e-03,  1.3372e-03],
          [-7.7413e-02,  1.1847e-02,  2.5364e-02]],

         [[-6.6963e-03,  3.7103e-02,  1.9122e-02],
          [ 7.2346e-02,  1.1260e-01, -2.7665e-02],
          [ 4.6938e-03,  8.4565e-02,  6.3430e-02]],

         ...,

         [[-6.7010e-02, -8.9372e-03,  1.0181e-02],
          [ 5.5263e-02,  6.6789e-02,  5.3460e-02],
          [ 2.5748e-02, -4.1083e-02, -9.9786e-02]],

         [[-1.6540e-01,  4.6882e-02,  8.5012e-02],
          [ 6.3634e-03, -5.2831e-02, -4.3825e-02],
          [ 2.1946e-02,  3.1211e-02, -8.0768e-02]],

         [[ 6.4679e-02, -2.0890e-02,  5.6789e-02],
          [-2.3492e-02,  2.9981e-02, -3.3305e-02],
          [-2.5232e-02,  5.0143e-02, -1.1812e-01]]],


        ...,


        [[[-2.2249e-02, -3.7625e-02, -3.5342e-02],
          [ 5.8003e-02, -6.2330e-02, -1.0345e-01],
          [-3.3231e-02, -8.0964e-02, -8.2812e-02]],

         [[ 2.7295e-02, -1.3781e-02,  6.7763e-02],
          [-4.2913e-02,  1.7363e-02,  6.8279e-02],
          [ 2.6965e-02,  5.0010e-02, -9.9565e-02]],

         [[ 3.6846e-03, -2.2711e-02,  7.7364e-02],
          [-2.4607e-03, -4.4736e-03,  4.6298e-02],
          [-3.9208e-02, -7.1134e-02,  1.6354e-02]],

         ...,

         [[-6.7380e-02, -1.2719e-02, -8.3381e-02],
          [-2.6374e-02, -6.8123e-02,  1.8377e-02],
          [-1.2551e-01,  4.1981e-02, -1.7191e-02]],

         [[ 6.3388e-02,  7.6978e-02,  2.7858e-02],
          [ 1.4820e-02, -6.1838e-02, -1.0996e-02],
          [ 1.0350e-01, -1.1498e-02,  6.8670e-02]],

         [[-7.0738e-02,  2.9991e-02, -2.6414e-02],
          [ 1.3541e-02,  3.1070e-02,  6.1683e-02],
          [-7.9477e-02, -8.4203e-02, -8.1354e-02]]],


        [[[ 7.9240e-03,  8.9511e-02, -4.0240e-02],
          [ 2.7714e-02,  3.7178e-02, -1.4967e-03],
          [ 1.9982e-03, -2.2437e-02, -5.8115e-02]],

         [[-1.1400e-01, -4.6978e-02,  5.0728e-02],
          [ 3.4723e-03,  8.5887e-02,  2.5875e-02],
          [ 5.0744e-02, -2.2971e-02,  6.2952e-02]],

         [[-7.5178e-02,  1.8760e-02, -5.9418e-02],
          [-3.3067e-02, -3.2506e-03,  4.2220e-02],
          [ 8.0374e-02,  1.7904e-02,  3.0427e-02]],

         ...,

         [[-3.8706e-02, -6.2675e-05, -2.2705e-02],
          [ 2.1985e-02, -2.0850e-02,  4.7411e-04],
          [ 9.2930e-03,  7.2993e-02,  4.6856e-02]],

         [[ 1.4212e-02, -2.5550e-02, -5.3635e-02],
          [ 1.2725e-02, -4.8095e-02,  4.0590e-02],
          [-5.4664e-03,  5.6835e-02,  4.5067e-03]],

         [[-4.6469e-02, -1.7811e-02,  6.8800e-03],
          [-6.1875e-02,  2.1628e-02, -7.1181e-02],
          [ 2.0377e-02, -3.7725e-02, -5.3793e-02]]],


        [[[ 5.1817e-02,  4.4073e-02, -1.0866e-02],
          [-3.4190e-02, -2.9253e-03,  5.0978e-03],
          [ 4.6457e-02, -1.6012e-01, -4.3631e-02]],

         [[ 7.7538e-02,  1.5549e-02, -3.2394e-02],
          [-1.0410e-02, -7.8230e-02,  9.0761e-02],
          [-4.1907e-04, -7.7695e-03,  5.6920e-02]],

         [[-5.8536e-02, -1.2131e-02,  2.2070e-02],
          [-5.8810e-02,  7.3926e-02, -9.9117e-02],
          [-3.8354e-03,  6.6241e-02,  2.0473e-02]],

         ...,

         [[ 8.4924e-02, -8.6179e-02,  5.1461e-02],
          [ 5.4047e-02, -4.2049e-02,  6.9363e-02],
          [ 7.2104e-02,  3.8093e-02, -6.8107e-02]],

         [[ 1.4248e-02, -5.3234e-02, -7.8891e-02],
          [-9.1792e-02, -3.4535e-02, -1.0671e-02],
          [-6.5642e-02, -9.3147e-02, -6.5218e-02]],

         [[-2.4920e-02,  1.0348e-01, -5.6012e-02],
          [-1.7630e-02,  3.0721e-02, -8.9053e-03],
          [-2.4515e-02,  7.1404e-02, -2.3027e-02]]]])), ('features.8.bias', tensor([-1.2735e-10, -1.2178e-09,  6.3908e-09, -4.0941e-10, -4.7309e-10,
         4.0062e-09, -9.6245e-10,  5.0892e-10,  6.7534e-09,  4.0257e-09,
         3.0221e-09, -9.1435e-10, -2.5889e-09, -3.4364e-09,  5.9989e-10,
         5.6637e-09,  3.5788e-10, -3.3709e-09,  1.7821e-10, -8.2236e-09,
         7.6186e-11,  1.4669e-09,  2.8330e-09, -2.4852e-09, -1.7953e-09,
         2.7942e-10,  8.5594e-10, -2.4426e-09,  1.6353e-09,  2.3054e-09,
        -3.2003e-09,  3.1884e-09, -1.3898e-10,  2.0027e-09, -1.7951e-09,
        -2.3944e-09,  4.7774e-09, -4.8706e-09,  1.8626e-09, -1.1373e-09,
         1.6744e-09,  4.5185e-09,  2.4922e-10, -2.0392e-09,  1.8743e-09,
         8.8390e-10,  1.5194e-09, -3.3253e-09, -3.9012e-09, -7.8628e-10,
        -2.9324e-09,  3.7836e-09, -1.3250e-09,  1.9109e-09, -1.5971e-09,
         4.1613e-09, -9.8979e-11,  2.2319e-10,  1.8607e-09, -1.4528e-09,
         2.9704e-09,  1.5555e-09,  4.8658e-10,  1.9690e-09])), ('features.9.weight', tensor([0.9980, 0.9790, 0.9937, 0.9883, 1.0067, 1.0240, 0.9955, 0.9724, 1.0181,
        0.9914, 1.0148, 0.9920, 1.0014, 0.9919, 0.9955, 0.9953, 0.9989, 1.0115,
        0.9987, 1.0112, 1.0136, 1.0169, 0.9883, 1.0165, 0.9575, 1.0044, 1.0056,
        0.9853, 0.9989, 1.0022, 1.0130, 0.9953, 1.0022, 0.9911, 0.9953, 0.9969,
        1.0252, 0.9931, 1.0095, 0.9861, 1.0001, 0.9863, 0.9890, 0.9984, 0.9947,
        1.0193, 1.0179, 0.9652, 1.0017, 0.9836, 0.9950, 1.0040, 1.0036, 0.9941,
        1.0237, 0.9937, 0.9773, 1.0090, 0.9998, 1.0032, 1.0023, 0.9796, 0.9796,
        0.9836])), ('features.9.bias', tensor([-0.0174, -0.0308, -0.0363, -0.0353, -0.0130, -0.0240, -0.0253, -0.0361,
        -0.0246, -0.0333, -0.0184, -0.0467, -0.0202, -0.0270, -0.0325, -0.0239,
        -0.0195, -0.0298, -0.0265, -0.0297, -0.0082, -0.0269, -0.0329, -0.0362,
        -0.0385, -0.0263, -0.0327, -0.0409, -0.0308, -0.0366, -0.0265, -0.0336,
        -0.0040, -0.0306, -0.0298, -0.0214, -0.0001, -0.0397, -0.0298, -0.0265,
        -0.0213, -0.0504, -0.0354, -0.0205, -0.0443, -0.0157, -0.0061, -0.0371,
        -0.0230, -0.0337, -0.0274, -0.0325, -0.0220, -0.0345, -0.0292, -0.0211,
        -0.0383, -0.0228, -0.0359, -0.0536, -0.0274, -0.0486, -0.0327, -0.0393])), ('features.9.running_mean', tensor([-0.5304, -0.0350,  0.9111, -1.9824, -0.0867, -0.4700,  0.2754, -0.9092,
        -0.5537, -2.1291,  0.8710, -0.2742, -0.6226,  0.6904,  0.5278, -0.1180,
        -1.4099, -1.3252, -1.7096, -0.5610, -1.3156, -1.9321, -0.8369,  0.8020,
         1.5215, -1.3367, -0.9768,  0.8591, -0.7092, -1.0186,  1.0110, -0.6255,
         0.5288,  0.0044, -0.3685,  1.0468, -0.1388, -0.9121, -0.6320, -0.3363,
        -0.1205, -0.3068,  1.4808, -0.7283, -0.3164,  0.0976,  0.6124,  1.2694,
        -1.0362,  0.7746,  0.9187, -1.6926,  0.3298, -0.9796, -0.6240,  0.0184,
         0.3412,  0.7509,  0.9570, -1.3794, -0.8192, -1.4184,  0.8764, -0.7037])), ('features.9.running_var', tensor([1.4799, 0.7628, 1.0955, 1.2084, 1.2472, 1.0994, 1.0908, 0.9095, 1.5288,
        1.0446, 1.1157, 1.1903, 0.9555, 1.1903, 1.0744, 1.3149, 1.3345, 1.3567,
        1.2393, 1.0000, 1.8228, 1.6029, 1.2157, 0.8975, 1.4291, 0.9242, 1.6090,
        1.0481, 1.3826, 1.3994, 1.1421, 1.6577, 0.9834, 0.8737, 1.1334, 0.7971,
        0.8867, 1.2414, 1.7541, 1.1982, 1.0647, 1.3659, 1.0766, 0.9102, 1.3149,
        0.7784, 1.1557, 1.1832, 0.8122, 1.1278, 1.2074, 1.2374, 0.9831, 1.3404,
        1.4576, 1.1110, 1.0414, 0.7490, 0.8453, 1.5243, 1.2536, 1.1647, 1.0003,
        1.0735])), ('features.9.num_batches_tracked', tensor(501)), ('denses.0.weight', tensor([[ 1.7874e-02,  5.6665e-03,  4.0546e-03,  ..., -1.1459e-02,
         -8.4701e-03,  1.6406e-02],
        [ 3.5168e-03, -9.7225e-03, -1.0334e-03,  ..., -5.8365e-03,
          9.7138e-03,  4.3089e-03],
        [ 1.5297e-03, -2.4704e-03,  7.3659e-03,  ..., -4.6550e-03,
         -1.5356e-02,  9.1332e-03],
        ...,
        [ 1.0668e-02,  7.7645e-03, -7.3115e-03,  ..., -2.7706e-03,
          2.5833e-02, -4.4830e-03],
        [-5.8224e-03, -4.7687e-05, -3.3916e-03,  ...,  4.8081e-03,
          9.6371e-03, -6.0123e-03],
        [-3.0024e-03,  2.0847e-02,  3.0840e-03,  ..., -8.1307e-03,
         -1.0940e-02,  3.4420e-03]])), ('denses.0.bias', tensor([ 5.3673e-04, -1.2375e-03,  1.1801e-03, -1.2147e-03,  6.4895e-04,
         4.0683e-04,  4.6580e-04, -6.5474e-04, -1.4488e-03,  1.1899e-03,
        -9.9192e-04, -3.7297e-04, -6.4896e-05, -1.8480e-03, -7.2850e-04,
        -1.1104e-03, -6.1449e-03,  6.7840e-04, -9.7130e-04, -8.5076e-05,
         1.8749e-05, -1.8009e-03, -2.8907e-03,  3.0312e-03,  4.5502e-04,
        -3.0258e-03,  1.3262e-03, -1.9888e-04,  8.2846e-04,  1.8516e-03,
         2.3764e-03,  7.8913e-04,  1.6026e-03, -1.0275e-03, -1.7759e-04,
         1.2338e-04,  2.4072e-03, -8.2999e-04,  1.6912e-03, -5.6820e-04,
         1.5938e-03,  3.8419e-03, -1.6494e-04, -3.0825e-03,  2.5777e-03,
        -3.8994e-03, -2.3420e-03, -5.9953e-04,  1.0978e-03, -2.0128e-03,
         1.6037e-04,  1.1870e-03, -1.4054e-05,  1.4384e-03, -1.1798e-03,
         4.5103e-03,  1.5457e-03, -1.2642e-03,  2.0526e-04,  1.2985e-03,
         2.4239e-03, -7.9209e-04, -7.8452e-04,  1.3871e-03,  9.7362e-04,
         2.0019e-04,  1.8284e-03, -9.3997e-04,  2.2352e-04,  7.8152e-04,
        -6.6798e-04,  7.5102e-04, -2.2709e-03, -1.8125e-03,  1.1402e-03,
         1.1952e-04,  4.7913e-03, -5.5725e-04, -4.5583e-04,  1.2059e-03,
         5.5515e-03, -5.9243e-04, -3.0549e-04, -1.4231e-03, -1.0369e-03,
         3.7685e-05,  1.7831e-03,  1.3713e-03, -4.8525e-03,  6.4290e-03,
        -2.6315e-03,  1.3541e-03,  2.1486e-03,  1.2323e-03,  3.8657e-03,
         2.5027e-04,  5.5390e-04,  7.3404e-04,  1.4741e-04,  5.6719e-04,
         1.3270e-03, -1.3141e-03,  5.0134e-04,  2.1698e-03,  1.7205e-03,
         3.6235e-03,  1.2890e-03, -2.7291e-03, -5.5288e-04, -6.0304e-04,
        -3.6143e-03, -1.7894e-03, -2.0830e-05,  5.4444e-03, -2.4629e-03,
         6.1639e-04,  2.2516e-04,  9.4891e-05, -3.0885e-03, -1.5349e-03,
        -2.0070e-03, -1.3212e-03, -2.1503e-03,  1.1170e-05, -1.8627e-03,
         1.6836e-03,  5.2536e-04, -2.0875e-03])), ('denses.1.weight', tensor([[ 0.0105,  0.0400, -0.0073,  ..., -0.0728, -0.0127,  0.0382],
        [-0.1097, -0.0453, -0.0816,  ...,  0.0158, -0.0292, -0.0235],
        [-0.0019,  0.0209,  0.0425,  ..., -0.0461,  0.0349,  0.0409],
        ...,
        [ 0.0675,  0.0416,  0.0585,  ..., -0.0239,  0.0148, -0.0122],
        [-0.0308, -0.0907, -0.0842,  ..., -0.0035, -0.0402, -0.0230],
        [-0.0532, -0.0088, -0.0174,  ...,  0.0174,  0.0719, -0.1426]])), ('denses.1.bias', tensor([-0.0366, -0.0214,  0.0258,  0.0660,  0.0439, -0.0290, -0.0425,  0.0113,
        -0.0506,  0.0331]))])