OrderedDict([('features.0.weight', tensor([[[[ 4.3538e-02, -7.0767e-02,  3.7437e-02],
          [ 2.9779e-02, -5.5751e-03, -5.4918e-02],
          [-8.6857e-02, -2.9087e-02, -2.5450e-02]],

         [[-1.3224e-02, -1.4284e-01,  6.0961e-02],
          [-1.0041e-01,  2.4276e-02, -1.3704e-01],
          [-6.0321e-02, -5.0963e-02, -1.1110e-01]],

         [[ 3.1344e-02, -1.6670e-01,  1.0986e-01],
          [ 7.3117e-03, -7.6238e-02,  7.8475e-02],
          [-2.6527e-02, -1.8998e-01, -1.9075e-02]]],


        [[[-1.3943e-01, -2.7398e-02, -2.1097e-02],
          [-9.9831e-02, -3.6450e-02,  1.0462e-01],
          [-7.0330e-03,  6.6650e-02,  1.4644e-01]],

         [[ 1.2308e-01, -5.2545e-03,  4.1214e-02],
          [-7.9094e-03,  9.9200e-02, -3.5622e-03],
          [ 7.5646e-02, -7.0125e-02, -2.3786e-02]],

         [[-5.1158e-02,  4.6252e-02,  5.6238e-02],
          [ 1.6857e-01,  2.1853e-02,  3.7887e-02],
          [-2.3071e-02,  2.4648e-02, -1.0917e-01]]],


        [[[-4.2488e-02, -2.3179e-01, -2.2716e-02],
          [ 1.2432e-01, -5.2636e-02,  3.9322e-02],
          [-2.3838e-02,  1.6917e-01,  9.4391e-02]],

         [[-1.0381e-01, -8.4430e-02, -1.7314e-01],
          [-1.2126e-02, -6.6789e-02, -1.2250e-01],
          [ 2.4608e-01,  1.5881e-01,  4.8524e-02]],

         [[-3.2292e-02,  6.5928e-02, -9.5869e-02],
          [-4.9194e-02, -7.4032e-02,  6.5276e-02],
          [ 4.3361e-02, -5.2396e-02,  7.4562e-02]]],


        [[[-1.8255e-01,  1.0200e-02, -1.5597e-01],
          [-1.1747e-02,  7.9891e-02, -5.4322e-02],
          [ 5.9041e-02, -1.5405e-01, -3.1381e-03]],

         [[-5.3186e-02, -3.4397e-02, -2.3602e-02],
          [-3.4948e-02,  1.0071e-01,  9.2266e-02],
          [ 1.6917e-03,  5.7526e-02, -1.0525e-02]],

         [[ 1.3617e-01,  8.3347e-02, -5.6534e-03],
          [ 1.0536e-01,  4.1929e-02,  7.2457e-02],
          [-5.5428e-02,  3.2442e-02,  1.0688e-01]]],


        [[[ 2.7639e-01, -4.3326e-02,  1.1793e-04],
          [-4.1341e-02, -1.1646e-01,  1.3748e-01],
          [ 1.3229e-02, -3.2501e-02, -1.4699e-01]],

         [[ 6.3093e-02, -1.4444e-01,  6.4008e-02],
          [-7.2967e-02, -1.6595e-01,  1.5587e-02],
          [ 1.9205e-02,  8.6182e-02,  3.2161e-02]],

         [[-8.5708e-02, -1.6901e-01,  7.7856e-02],
          [ 1.9244e-02,  5.3465e-03,  1.3848e-01],
          [-9.3623e-02,  1.8921e-01, -5.5722e-02]]],


        [[[-1.7703e-01, -3.9307e-02,  1.1769e-02],
          [-2.0233e-01,  2.6874e-02,  1.0698e-02],
          [-9.7297e-03, -1.5189e-01,  2.3624e-02]],

         [[ 5.2216e-02, -1.4172e-01, -1.2724e-01],
          [ 1.3622e-01, -9.2919e-02,  2.0524e-02],
          [-8.8043e-02,  3.3611e-03, -5.5965e-02]],

         [[-3.3770e-03, -2.8964e-03,  2.4460e-03],
          [ 2.3446e-01,  1.4512e-01,  1.1320e-01],
          [ 9.6792e-02,  4.3028e-02,  6.3757e-02]]],


        [[[ 2.6766e-02,  6.3605e-02,  6.1035e-03],
          [ 5.4847e-02,  6.1409e-02,  7.6826e-03],
          [ 7.8011e-02, -1.3389e-02,  1.4264e-01]],

         [[-9.4993e-02, -1.5605e-02, -2.7966e-02],
          [-7.7359e-02, -1.3143e-01, -1.9737e-01],
          [-2.0623e-01, -1.1767e-01,  9.9287e-02]],

         [[ 9.8227e-02,  1.2433e-01,  5.3472e-02],
          [-1.5509e-02, -1.4028e-02, -2.0200e-02],
          [-7.0517e-02, -7.5085e-02,  2.5073e-03]]],


        [[[ 5.9360e-02, -2.6411e-02,  9.2436e-02],
          [-1.0224e-02,  1.5114e-01,  6.1597e-02],
          [ 1.0679e-01, -6.1728e-02, -1.4949e-01]],

         [[ 5.1847e-02, -1.5297e-01, -8.3879e-02],
          [-7.2048e-02, -1.0995e-01, -2.0763e-01],
          [ 1.4395e-01, -4.4233e-03, -9.0239e-02]],

         [[-1.2749e-01,  4.2159e-03,  1.3533e-01],
          [-1.2869e-02,  4.4001e-02, -7.5157e-02],
          [ 4.7444e-02, -7.6467e-03, -3.9298e-03]]],


        [[[-1.8889e-01,  3.2868e-02,  7.3086e-02],
          [-5.3663e-02, -5.8976e-02,  7.8079e-02],
          [ 5.3861e-02,  5.5883e-02, -5.3561e-02]],

         [[-1.6394e-02, -1.2783e-01,  1.2491e-01],
          [-7.3121e-02, -1.7388e-02, -3.6956e-02],
          [ 8.0962e-03,  1.6050e-01,  5.4840e-02]],

         [[-1.3375e-01, -2.3761e-03, -7.5077e-03],
          [-3.1648e-02,  3.9593e-02,  4.7746e-02],
          [-2.1972e-02,  1.3043e-02, -5.1884e-03]]],


        [[[ 1.3434e-01,  2.2880e-01,  5.6405e-02],
          [ 1.3428e-01,  8.1797e-03,  1.4202e-01],
          [-9.4850e-03,  9.0254e-02, -3.3822e-04]],

         [[ 1.5707e-02, -7.1516e-02, -1.2857e-01],
          [-2.4506e-02,  3.3132e-02,  4.1440e-02],
          [-1.6669e-01, -1.5432e-01, -1.2582e-01]],

         [[-4.3714e-02, -7.9308e-02,  3.5216e-03],
          [-5.3044e-02, -7.0873e-02, -1.4259e-01],
          [ 1.5746e-01, -2.9500e-02,  2.1537e-02]]],


        [[[-1.2614e-01,  3.3217e-02,  5.9969e-02],
          [-2.6283e-02, -6.2666e-02,  8.3166e-02],
          [ 1.3330e-02, -9.7361e-02,  1.4934e-01]],

         [[ 1.0581e-01, -2.1677e-01, -1.5309e-01],
          [ 1.0459e-01, -1.1085e-02, -9.3185e-02],
          [-1.1245e-01,  1.3172e-01,  8.1556e-02]],

         [[-1.0025e-01, -1.7008e-01,  7.7766e-02],
          [-3.6344e-02,  3.2701e-02,  1.1793e-01],
          [-1.6456e-01, -7.3462e-02, -4.0022e-02]]],


        [[[-3.2643e-02,  8.2290e-02,  2.9456e-02],
          [ 3.7671e-02,  8.0981e-02,  9.1844e-02],
          [ 5.1095e-02, -2.7074e-02,  5.6852e-02]],

         [[-7.3653e-02,  1.3742e-02, -3.7582e-02],
          [ 6.3410e-02, -6.7885e-02, -1.3054e-02],
          [-1.6592e-02,  1.5010e-02, -9.7753e-02]],

         [[ 6.3061e-02,  5.4117e-02,  1.6615e-01],
          [ 1.1554e-01, -7.4111e-02,  2.0971e-02],
          [ 7.6263e-02,  2.2658e-01, -8.2127e-02]]],


        [[[ 1.5828e-02,  5.2593e-02, -3.7947e-02],
          [-1.3348e-01, -7.6215e-02, -1.7442e-02],
          [-8.1021e-02,  5.7559e-02, -2.8102e-02]],

         [[ 3.3565e-02,  6.3914e-02,  4.8162e-02],
          [-1.3430e-01, -1.5226e-01, -1.7664e-02],
          [-7.4144e-02, -3.1752e-02,  2.5786e-02]],

         [[ 3.8390e-02,  1.8582e-01, -6.9171e-02],
          [-1.4032e-01, -4.2124e-02, -1.4396e-01],
          [-7.6414e-02, -4.5867e-02, -1.4855e-01]]],


        [[[-1.0652e-02,  1.3494e-01,  1.2612e-01],
          [-4.4045e-02, -6.3000e-02,  5.8170e-02],
          [-3.9297e-02, -1.6167e-01, -2.7905e-02]],

         [[ 1.2761e-01,  1.1365e-01, -6.3611e-02],
          [ 1.4920e-01,  5.1546e-02, -4.6394e-02],
          [-1.9334e-01, -8.3175e-02, -1.6354e-02]],

         [[ 1.3371e-01, -2.4804e-02,  8.5844e-02],
          [-1.7006e-02,  2.2611e-02, -1.4403e-01],
          [-2.8111e-02, -2.8619e-02,  1.2149e-02]]],


        [[[-2.1526e-03,  5.8019e-02,  1.9208e-01],
          [-7.4329e-02, -6.1883e-02,  1.5895e-01],
          [-9.1523e-02, -1.5125e-02, -1.5873e-01]],

         [[-1.1651e-01,  1.0440e-01,  2.2876e-02],
          [-8.9180e-02,  3.0452e-02, -2.4859e-02],
          [-1.3090e-01, -8.1913e-02, -1.8634e-02]],

         [[ 1.4189e-01,  7.8092e-02,  9.7104e-02],
          [ 9.8776e-03, -5.5277e-02,  1.1075e-02],
          [-8.2327e-03, -1.4520e-01,  6.1409e-02]]],


        [[[ 6.5920e-02,  6.2266e-02, -2.5983e-02],
          [-1.0108e-02, -2.1143e-02,  4.3005e-02],
          [-1.3386e-02, -4.5559e-03,  7.3686e-02]],

         [[ 8.7065e-02,  1.8551e-01, -1.2299e-01],
          [ 5.9106e-04,  1.2383e-01,  3.0097e-02],
          [-7.3291e-02,  8.7872e-02,  1.7013e-01]],

         [[-3.2453e-02, -7.8881e-02, -7.7150e-02],
          [ 3.2583e-04, -1.2759e-01, -6.4216e-02],
          [-6.8957e-02, -1.2385e-01, -3.2482e-02]]],


        [[[-1.2480e-01, -1.4187e-01,  1.1109e-01],
          [ 3.3827e-02, -2.5419e-02,  2.9844e-02],
          [ 1.2871e-01,  4.3962e-04,  1.0290e-03]],

         [[ 4.6608e-02, -1.1797e-01, -1.5406e-01],
          [ 4.8657e-03,  4.6458e-02,  2.6981e-02],
          [ 1.4741e-02,  1.6380e-01,  4.6161e-02]],

         [[-6.2936e-02, -8.6634e-02,  9.9501e-02],
          [-1.0806e-01, -1.7098e-03, -2.0216e-01],
          [-7.6158e-02,  9.2235e-02,  1.5615e-02]]],


        [[[-2.4190e-01, -8.2362e-02,  1.3611e-01],
          [ 1.1759e-02,  6.4042e-02, -7.2500e-02],
          [ 4.0407e-02,  4.2971e-02,  1.8158e-02]],

         [[-1.6185e-02,  5.4920e-03, -1.0208e-01],
          [-8.1707e-02, -1.1975e-01,  2.3263e-02],
          [-5.4343e-02, -1.5959e-01, -6.7152e-02]],

         [[-2.4859e-02,  1.8964e-01,  5.0110e-02],
          [-4.5026e-02, -5.7750e-02, -2.4047e-03],
          [-4.7676e-02, -1.3966e-03,  8.7669e-02]]],


        [[[-1.0343e-01, -1.9241e-02,  1.7294e-01],
          [ 1.5185e-02,  1.5933e-02,  4.9455e-02],
          [-3.5322e-03,  5.3330e-03, -3.2496e-02]],

         [[-2.6552e-01, -7.3087e-02,  1.3453e-01],
          [-3.7906e-02, -3.3206e-02,  9.0485e-02],
          [-1.2175e-01,  1.1929e-01,  1.1497e-02]],

         [[-9.1472e-02, -2.0538e-02,  2.3718e-01],
          [-1.4586e-01, -1.2109e-01,  1.3198e-01],
          [ 2.3646e-02,  6.7389e-02, -1.0839e-02]]],


        [[[ 7.5040e-02, -8.8638e-02,  9.8367e-02],
          [ 4.1758e-02, -1.3936e-01,  2.1380e-02],
          [ 7.0409e-02, -1.0577e-01,  4.1163e-03]],

         [[-5.7201e-03, -9.4541e-02,  1.0311e-01],
          [-1.2069e-02,  2.4393e-02,  7.7587e-02],
          [ 8.3001e-02, -1.8185e-01, -8.2886e-02]],

         [[ 8.5310e-02,  6.9516e-03,  1.1432e-01],
          [ 2.6272e-01,  8.7345e-02,  5.0374e-02],
          [ 9.7342e-02, -5.7277e-02, -2.7426e-02]]],


        [[[ 9.6706e-02, -1.1171e-01,  9.8537e-02],
          [ 1.7371e-01,  5.1753e-02, -1.3927e-01],
          [ 9.4033e-02, -7.5017e-02,  5.7994e-02]],

         [[ 3.9346e-02, -5.2460e-02,  1.2128e-01],
          [ 9.5549e-02,  1.3067e-01,  2.6792e-02],
          [-3.4416e-04, -1.9432e-01,  7.0581e-02]],

         [[-1.0666e-02,  5.2695e-02,  9.8016e-02],
          [ 1.5189e-01, -7.0850e-02, -1.4461e-02],
          [ 4.4489e-02, -6.2209e-02,  6.9022e-02]]],


        [[[-8.7925e-02,  4.1085e-02,  1.4393e-01],
          [ 4.6503e-02,  4.9637e-02,  1.1031e-01],
          [ 8.6882e-02, -1.2281e-04,  8.0592e-02]],

         [[ 8.0552e-02,  7.2773e-02,  3.5907e-02],
          [-4.6000e-02,  4.0413e-02,  5.0813e-03],
          [-1.3886e-01, -6.8947e-02, -5.1145e-02]],

         [[-1.6926e-02,  1.1948e-01,  4.5194e-02],
          [-4.7554e-03, -7.5383e-02, -3.9071e-02],
          [ 1.1212e-01, -4.5247e-03,  7.9398e-02]]],


        [[[ 2.1371e-01, -4.0137e-02, -3.5325e-02],
          [ 5.7137e-02,  6.8627e-02,  6.0374e-02],
          [ 8.9582e-03,  2.4095e-02,  4.7681e-02]],

         [[ 7.9602e-03, -4.3114e-02, -4.6967e-02],
          [-2.4196e-02, -1.2535e-01, -9.2441e-02],
          [ 1.4723e-01, -2.4101e-02, -1.6794e-01]],

         [[ 4.2422e-02, -2.6573e-02, -7.2862e-02],
          [ 1.1054e-01,  4.7099e-02, -8.1845e-02],
          [ 4.5574e-02,  5.3428e-02,  1.4061e-02]]],


        [[[ 6.2365e-02,  1.2913e-01, -1.2834e-02],
          [ 2.6121e-02,  1.6929e-04,  5.0948e-02],
          [ 2.6540e-02,  1.0926e-01,  6.2691e-02]],

         [[-6.4940e-02,  1.3089e-01, -5.0650e-02],
          [ 4.5319e-03,  1.3313e-01,  3.4979e-02],
          [ 8.3978e-02,  6.1414e-03,  9.4336e-02]],

         [[-3.1432e-02, -2.4985e-03,  2.1177e-02],
          [ 1.3464e-01, -6.0748e-02, -2.5277e-02],
          [-4.4022e-02,  1.5843e-02, -6.9599e-03]]],


        [[[ 1.6243e-01,  5.0299e-02, -7.2524e-02],
          [-3.6885e-02, -4.0461e-02, -4.4628e-02],
          [ 5.5200e-02, -1.1484e-01, -1.0951e-02]],

         [[-2.6495e-02,  1.7189e-02,  5.9639e-02],
          [ 4.1314e-02, -5.7575e-02,  3.5841e-02],
          [-4.0223e-02,  1.1253e-01, -1.0119e-01]],

         [[ 1.0830e-03,  1.3964e-02,  1.1291e-01],
          [ 3.2591e-02,  1.0465e-01, -1.0945e-01],
          [ 8.3189e-02,  8.6739e-02,  1.0915e-01]]],


        [[[ 2.1714e-02, -5.4483e-02, -2.3892e-01],
          [-9.4133e-02,  6.2594e-02, -5.1580e-02],
          [ 3.4177e-02, -1.0580e-01, -2.9591e-02]],

         [[-3.3941e-02, -2.3183e-02,  2.3697e-02],
          [-1.3346e-01,  5.2863e-02,  1.1893e-02],
          [ 6.2734e-02, -1.9819e-02,  7.0662e-02]],

         [[-2.5467e-02, -4.4314e-02,  1.1252e-01],
          [ 4.9986e-02, -6.8718e-02,  3.1531e-03],
          [ 1.1453e-01,  1.2944e-01,  1.2450e-01]]],


        [[[-6.2237e-02,  7.2212e-02, -1.1815e-01],
          [-1.5089e-02, -1.1719e-01,  3.2240e-02],
          [-7.1566e-02, -9.4277e-02,  1.0872e-02]],

         [[-5.4131e-03, -4.1424e-03,  7.0811e-02],
          [-1.8312e-01, -1.3839e-01, -7.5419e-02],
          [ 3.0235e-02,  4.3323e-02, -1.0837e-01]],

         [[ 4.6049e-02, -4.9237e-02, -1.6238e-01],
          [-5.1030e-02, -9.8451e-02,  2.8761e-02],
          [ 1.5157e-02,  6.1570e-02,  1.2436e-01]]],


        [[[-1.9749e-02, -7.2297e-02, -7.6083e-02],
          [ 1.2833e-01, -5.3408e-02, -9.0910e-03],
          [-1.0244e-01,  8.5773e-02, -1.2642e-01]],

         [[ 7.9453e-02,  3.8636e-02,  3.8528e-02],
          [ 5.5330e-02,  1.1630e-01,  5.3552e-03],
          [ 6.0636e-02,  8.0591e-02, -2.5213e-01]],

         [[-6.5309e-04,  1.4720e-01, -1.9166e-01],
          [-8.1227e-03, -1.5929e-01, -1.6380e-02],
          [ 1.0104e-01, -3.6975e-02, -4.2877e-02]]],


        [[[-6.6575e-02, -6.5436e-03, -5.1449e-03],
          [ 4.4780e-02,  1.1126e-01, -8.5257e-02],
          [ 4.7068e-02,  5.7016e-02,  1.4955e-02]],

         [[-3.3067e-02, -7.1256e-03,  1.1109e-01],
          [-2.0167e-03, -8.9841e-02,  1.1372e-01],
          [-1.5173e-01,  7.4046e-02, -1.2152e-03]],

         [[ 6.3151e-02,  6.9527e-02,  2.4522e-02],
          [ 1.8298e-01, -1.2335e-02, -3.2022e-02],
          [-7.2606e-04,  1.0009e-02,  1.3694e-01]]],


        [[[-2.0909e-02,  1.0874e-01, -3.9198e-02],
          [ 6.3230e-02,  4.7801e-02, -7.0966e-02],
          [-2.3048e-01, -1.2515e-02,  5.4514e-02]],

         [[ 7.2810e-02,  1.7165e-01, -5.3485e-02],
          [ 2.8511e-04, -2.4902e-02, -9.7827e-02],
          [-1.1572e-01, -6.4008e-02, -1.5911e-01]],

         [[ 7.4475e-02,  4.8795e-02, -1.3491e-02],
          [ 3.6418e-02, -1.0825e-01,  1.1168e-01],
          [-1.4358e-01,  4.9319e-02, -2.2810e-02]]],


        [[[-4.7034e-02,  3.5857e-04,  1.3400e-01],
          [-1.2910e-01, -1.2148e-02, -1.1095e-01],
          [ 7.6003e-02,  2.2804e-01,  5.1407e-02]],

         [[-4.7716e-04, -3.6708e-02, -1.5461e-01],
          [-1.1026e-01, -5.3662e-02, -1.5641e-01],
          [ 1.0520e-01,  3.3215e-02,  7.4124e-02]],

         [[-7.8496e-02,  8.6221e-02, -9.7083e-02],
          [ 2.7370e-02, -6.0138e-02,  4.2884e-02],
          [ 9.0526e-03,  8.4645e-03,  1.4666e-01]]],


        [[[-2.5615e-02, -8.4913e-02,  1.4640e-01],
          [-1.4370e-01,  3.6206e-02, -1.4455e-01],
          [-5.6692e-02, -1.2762e-02, -4.0801e-02]],

         [[ 3.3648e-03,  4.4936e-02, -8.2394e-02],
          [-1.1330e-01, -1.7041e-01, -5.7526e-03],
          [ 4.0897e-02, -2.6794e-02, -1.0324e-01]],

         [[ 1.7281e-01,  8.7518e-02, -2.3389e-02],
          [-1.0654e-01,  8.7890e-02,  1.7310e-02],
          [ 9.7042e-04,  7.5156e-02, -1.8356e-02]]]])), ('features.0.bias', tensor([-9.3693e-10, -6.1340e-10, -8.7000e-10, -6.7331e-10,  2.5157e-08,
        -5.3670e-09, -9.7608e-09,  1.1602e-09, -1.2254e-08, -1.4025e-08,
        -6.7738e-09,  6.0063e-09, -2.6629e-10, -1.0760e-09,  5.9105e-10,
         4.5852e-09,  9.0900e-10,  4.7131e-09,  1.5309e-08, -1.5407e-09,
         2.8324e-09,  2.6627e-09,  4.2190e-09,  2.6366e-10, -9.8569e-09,
        -6.1380e-10,  3.6380e-10, -1.8322e-09,  4.3564e-09,  1.0108e-08,
        -1.2073e-08, -3.4194e-09])), ('features.1.weight', tensor([0.9960, 1.0005, 1.0023, 0.9990, 1.0171, 1.0207, 0.9922, 0.9939, 0.9932,
        1.0076, 1.0016, 1.0024, 0.9860, 1.0074, 0.9922, 1.0132, 0.9930, 0.9933,
        1.0365, 1.0003, 0.9935, 1.0006, 1.0000, 1.0067, 0.9920, 1.0004, 0.9918,
        0.9871, 0.9798, 0.9956, 1.0113, 0.9916])), ('features.1.bias', tensor([-0.0074, -0.0076,  0.0161,  0.0008,  0.0212,  0.0315, -0.0049,  0.0038,
         0.0136, -0.0220,  0.0113,  0.0011, -0.0095, -0.0064, -0.0045,  0.0151,
         0.0197,  0.0036,  0.0006, -0.0010,  0.0037, -0.0047, -0.0188,  0.0009,
        -0.0101, -0.0110,  0.0076,  0.0086, -0.0254, -0.0061,  0.0124, -0.0165])), ('features.1.running_mean', tensor([ 0.2741, -0.1136,  0.0332, -0.0610,  0.0198,  0.0187,  0.0994,  0.1025,
         0.0236,  0.0162,  0.1302, -0.1975,  0.2671,  0.0094,  0.0440, -0.0360,
         0.0470,  0.1387,  0.0100, -0.1171, -0.1944, -0.1667, -0.0424, -0.2389,
        -0.1109,  0.0336,  0.2408,  0.0472, -0.1560,  0.0875,  0.0134,  0.1408])), ('features.1.running_var', tensor([1.3138, 0.2687, 0.5863, 0.3549, 0.1051, 0.2943, 0.2796, 0.2834, 0.3531,
        0.3302, 0.4756, 0.7394, 1.4310, 0.3446, 0.4525, 0.1853, 0.2855, 0.4270,
        0.4771, 0.5799, 0.8263, 0.5722, 0.2670, 0.9749, 0.3061, 0.2858, 1.0178,
        0.2789, 0.4650, 0.4158, 0.2998, 0.4808])), ('features.1.num_batches_tracked', tensor(167)), ('features.4.weight', tensor([[[[ 3.9106e-02,  5.5683e-02,  2.7861e-02],
          [-7.8444e-02, -8.3857e-03, -2.1515e-02],
          [ 7.1417e-03,  7.1490e-02, -8.8115e-02]],

         [[-1.0360e-01, -7.2957e-02,  5.5288e-02],
          [-2.1772e-02, -5.8956e-02,  9.3951e-02],
          [ 9.9917e-02, -6.6588e-02, -1.5109e-02]],

         [[-4.0671e-02, -8.7642e-02, -3.4497e-02],
          [ 8.4152e-03,  1.1020e-01,  3.3124e-02],
          [-1.4773e-01, -4.4482e-02, -5.6430e-02]],

         ...,

         [[-1.8832e-06, -7.1657e-02,  2.3345e-02],
          [-4.4860e-02, -2.1489e-02,  3.9845e-02],
          [ 2.0058e-02,  5.3562e-02, -5.8916e-03]],

         [[ 2.0889e-02, -3.7562e-02, -1.0596e-02],
          [-4.1560e-02, -1.5870e-02, -5.5661e-02],
          [-1.0227e-02,  2.2131e-02,  8.2341e-02]],

         [[ 9.0067e-02,  5.2824e-02, -2.3647e-02],
          [ 6.1521e-02,  1.1555e-01,  5.1383e-03],
          [ 8.5969e-03,  4.4470e-02, -6.6604e-02]]],


        [[[ 8.3122e-03,  7.5692e-02, -6.2879e-02],
          [ 3.1729e-02, -2.2210e-02,  1.6279e-02],
          [-1.2487e-02, -5.3858e-03, -3.9588e-02]],

         [[ 9.0427e-02,  4.5383e-02,  4.1394e-02],
          [ 4.4535e-02,  2.5272e-02,  6.4781e-02],
          [ 5.5862e-03,  9.5079e-03,  1.0988e-01]],

         [[-4.3428e-02,  5.7120e-02,  7.8508e-03],
          [-2.5006e-02, -3.9781e-02, -5.0093e-02],
          [-6.2231e-02,  9.4165e-02,  8.3561e-03]],

         ...,

         [[ 9.3874e-04, -1.2517e-01,  5.6752e-02],
          [-6.4429e-02,  2.5348e-03, -4.9989e-02],
          [ 1.3097e-02,  1.1840e-01,  9.1419e-02]],

         [[-8.9788e-02,  6.5182e-02, -2.6885e-02],
          [ 1.2084e-01, -3.1265e-02, -2.6593e-02],
          [ 2.9474e-02, -8.8581e-02, -2.1277e-02]],

         [[ 3.2441e-02, -2.0817e-02,  3.2210e-02],
          [ 4.8446e-02,  1.6387e-02,  9.0631e-02],
          [-1.1523e-04,  1.8401e-03,  4.3255e-02]]],


        [[[ 4.9395e-02,  1.2455e-02, -4.2142e-02],
          [ 1.1786e-02, -3.8280e-02, -1.2352e-01],
          [-1.0328e-01, -2.9835e-02, -3.9581e-02]],

         [[ 9.7077e-02,  7.1756e-02, -6.0066e-02],
          [ 4.0593e-02, -1.3562e-02, -5.6240e-02],
          [-8.5234e-03, -1.3724e-01, -9.3050e-02]],

         [[ 8.7498e-02, -7.5703e-03, -2.1559e-02],
          [ 6.2225e-03,  3.3942e-02, -1.7083e-02],
          [ 1.8799e-03, -1.7712e-02, -7.7119e-02]],

         ...,

         [[-2.8332e-02, -3.3729e-02,  4.8997e-02],
          [ 3.8096e-02, -2.1276e-02,  7.2222e-02],
          [ 3.6581e-03,  1.8752e-02,  1.6495e-02]],

         [[ 7.1536e-02,  1.7442e-02,  1.2392e-02],
          [-5.6583e-02,  4.4570e-02,  5.8497e-02],
          [-4.5357e-02, -6.9555e-02,  4.4211e-02]],

         [[ 7.6173e-03, -1.9129e-02,  8.1030e-02],
          [ 6.8823e-02, -7.1440e-02, -2.9222e-03],
          [-1.1345e-02, -1.1560e-01, -4.5661e-02]]],


        ...,


        [[[-7.8635e-02, -1.9220e-01,  1.1782e-02],
          [-6.4959e-03, -1.4532e-02, -4.9275e-02],
          [-3.4894e-02,  4.6327e-02,  2.2721e-02]],

         [[ 4.4253e-02, -1.2487e-02, -5.0636e-02],
          [-3.8810e-02, -1.1796e-02, -3.4516e-02],
          [ 1.7518e-01,  5.7207e-02, -6.0266e-02]],

         [[ 1.6790e-02, -3.0471e-02, -7.0929e-02],
          [ 5.6674e-02,  1.8646e-02,  6.0474e-02],
          [-1.2537e-02,  8.4581e-02,  3.6014e-02]],

         ...,

         [[ 3.5268e-02, -1.6157e-02, -3.6140e-02],
          [ 2.8029e-02,  7.6182e-02, -7.5364e-02],
          [ 7.3751e-02, -1.1633e-01, -6.6080e-02]],

         [[ 2.9435e-02, -3.4514e-02, -1.3493e-01],
          [-9.4486e-02,  7.8376e-02,  8.5370e-02],
          [ 1.2937e-01,  8.2247e-03,  7.8993e-02]],

         [[-6.2359e-02,  5.3651e-02, -3.4998e-02],
          [ 5.1381e-02,  5.8809e-03,  8.1998e-02],
          [ 6.9609e-02,  2.5547e-02,  2.6973e-03]]],


        [[[-5.6934e-02,  2.9649e-02,  1.2549e-02],
          [ 3.2426e-02,  2.3789e-03,  3.5560e-02],
          [ 3.3779e-02, -8.8645e-03, -8.7631e-02]],

         [[-1.0415e-01, -8.2811e-02, -8.1214e-02],
          [ 9.4314e-02,  5.8740e-03, -5.3588e-02],
          [ 3.6895e-02, -7.2956e-02, -9.4780e-02]],

         [[ 2.3701e-02,  2.3489e-04, -1.5015e-02],
          [-3.9211e-02,  5.2493e-02,  5.6086e-03],
          [ 5.8937e-02, -1.0193e-01, -7.5086e-02]],

         ...,

         [[-6.9634e-03, -5.2966e-02, -9.9647e-02],
          [-6.3236e-02, -1.6378e-02,  1.8025e-02],
          [ 5.0910e-02, -3.1059e-02, -8.0540e-02]],

         [[ 4.6361e-02,  9.8304e-02,  1.5448e-02],
          [-6.4276e-02,  1.6418e-01, -7.6180e-02],
          [-9.1240e-02,  3.0667e-02,  3.3344e-04]],

         [[ 1.0020e-02, -1.4669e-02, -9.6286e-02],
          [-3.2503e-02,  3.9304e-02,  1.3879e-01],
          [ 8.2135e-03,  1.7047e-02, -1.5242e-01]]],


        [[[-5.5420e-02,  9.3520e-02,  6.4669e-02],
          [ 9.6397e-03,  6.0020e-02, -9.2926e-02],
          [ 2.0011e-03, -8.9715e-03,  1.4971e-02]],

         [[ 5.6992e-03,  2.2088e-02, -2.7152e-02],
          [-2.2565e-01,  1.9584e-02, -5.2011e-02],
          [ 2.2748e-02,  9.1042e-02,  5.7150e-02]],

         [[ 5.5999e-02, -1.8904e-02,  2.5454e-02],
          [-8.3183e-02, -4.9870e-02,  2.8252e-02],
          [-4.5119e-02,  4.5483e-02, -9.9875e-03]],

         ...,

         [[ 6.3437e-02, -8.9231e-02,  4.1151e-02],
          [-1.5125e-02, -7.3944e-03,  4.0700e-02],
          [-5.7472e-02,  3.1348e-02,  6.3585e-03]],

         [[-1.6999e-02, -3.8544e-02, -5.5934e-02],
          [ 1.1403e-01, -8.5175e-03, -1.0034e-02],
          [ 8.0684e-02, -2.7610e-02, -6.3122e-02]],

         [[-2.7515e-02,  1.0206e-01,  3.9280e-03],
          [-4.5868e-02, -9.2402e-02,  7.8333e-03],
          [-7.7621e-03,  3.8273e-02,  9.0169e-03]]]])), ('features.4.bias', tensor([-1.1646e-09,  1.2519e-09, -1.6917e-09, -3.4061e-10, -1.5296e-09,
        -8.8473e-10, -8.8875e-10,  1.3042e-09, -5.1669e-09,  1.3085e-09,
         1.5188e-09, -3.3839e-10, -3.2422e-11,  2.6945e-09, -4.3172e-10,
        -2.7045e-09,  1.0937e-09, -5.5542e-10,  4.4925e-09,  2.9287e-09,
        -4.6811e-09,  1.4671e-09, -2.5521e-10,  1.3491e-09,  2.1666e-09,
        -2.1756e-10,  3.1543e-10, -1.3448e-09,  7.4439e-10, -3.2534e-09,
         9.1329e-10,  2.8757e-09, -2.5045e-09,  4.5247e-11,  3.5168e-09,
         2.6611e-09, -6.6468e-10,  1.2196e-10, -3.7846e-09,  3.7448e-10,
        -1.8349e-09,  7.5322e-10,  2.4020e-10, -2.8570e-09,  5.9537e-10,
        -7.2994e-10, -3.4472e-09,  3.1781e-09,  4.2728e-10, -8.8797e-10,
         1.1879e-09, -4.2298e-10,  7.2437e-10,  4.4253e-11, -2.5524e-09,
        -1.6395e-09,  7.9202e-10, -8.5928e-11,  1.1879e-09, -1.8514e-09,
         2.2153e-09, -1.8182e-09, -3.1880e-09, -5.9492e-10])), ('features.5.weight', tensor([0.9884, 0.9927, 0.9958, 0.9974, 0.9941, 1.0049, 1.0118, 1.0022, 0.9957,
        1.0083, 1.0067, 0.9971, 0.9918, 0.9995, 0.9981, 0.9970, 0.9985, 0.9949,
        1.0128, 1.0083, 0.9944, 0.9925, 0.9952, 1.0007, 0.9925, 1.0015, 0.9948,
        0.9959, 0.9908, 0.9981, 0.9878, 0.9951, 1.0041, 1.0001, 1.0033, 1.0031,
        1.0083, 0.9991, 1.0027, 1.0030, 0.9962, 0.9970, 0.9948, 1.0089, 0.9993,
        1.0042, 1.0040, 0.9948, 0.9924, 1.0048, 1.0018, 1.0025, 0.9923, 1.0065,
        1.0070, 1.0143, 0.9950, 1.0174, 0.9966, 1.0103, 1.0066, 0.9963, 0.9989,
        0.9989])), ('features.5.bias', tensor([-6.1877e-03, -2.0726e-03, -1.8939e-03,  8.4326e-04, -2.3336e-03,
         6.5894e-03,  1.5509e-03,  4.2633e-03, -3.5750e-03,  3.0116e-03,
         7.9655e-03, -1.2229e-02, -3.5704e-03, -4.8763e-03,  6.6792e-05,
         1.4626e-03, -5.3150e-03,  8.9039e-04,  6.1218e-03,  7.3701e-03,
         1.7347e-03, -5.0073e-03, -2.0940e-03, -4.5783e-04, -3.7594e-03,
        -4.1548e-03, -3.1482e-03, -2.1677e-03, -5.2991e-03, -4.8417e-03,
        -3.3544e-03, -1.9098e-03,  9.2015e-03, -3.2318e-04, -1.6912e-03,
         1.9096e-03, -3.1536e-03, -7.2581e-03, -1.1558e-03,  1.9220e-05,
        -1.0303e-03, -7.8812e-03,  5.2194e-03,  2.2039e-03,  2.6034e-03,
        -1.3465e-03,  2.8716e-03, -1.5147e-03,  8.8703e-03,  3.2270e-03,
         6.8850e-03,  2.0477e-03,  1.1006e-03,  6.8791e-04, -2.7537e-04,
         7.1523e-03, -3.7245e-03,  1.1351e-02,  1.3243e-03,  5.2767e-03,
         1.9397e-03, -6.1049e-03,  8.2287e-03,  6.8100e-03])), ('features.5.running_mean', tensor([ 0.4725, -0.3935,  0.7401, -0.9510,  0.9499, -0.2353, -0.2481, -0.1827,
         0.1351, -1.1365, -0.0263,  0.4743,  0.5173,  0.2971, -0.3086, -1.0193,
         0.0035, -0.7766, -0.3936,  0.2343,  0.1326,  0.3745,  0.2443,  0.9553,
        -0.0318, -0.0779, -0.5552,  0.2360, -0.8061, -0.4300,  0.8583,  0.1709,
         0.6699, -0.9450, -0.4470, -0.5211, -0.1101,  0.6289, -0.4146, -0.3151,
        -0.2511,  0.6191,  0.5994, -0.9780, -0.2948, -1.2661, -0.5830,  0.2178,
         1.0258,  0.9750,  0.4501,  0.2798,  0.1267,  0.0269, -0.8197, -0.7181,
         0.1799, -0.0376, -0.3385, -0.0347, -0.6602,  0.1528,  0.0329,  0.3171])), ('features.5.running_var', tensor([0.8152, 0.4619, 0.5462, 0.4979, 0.6836, 0.4388, 0.6999, 0.8074, 0.6763,
        0.5496, 0.4192, 0.5870, 0.9651, 1.0055, 0.8149, 0.7218, 0.8711, 0.3589,
        0.2937, 0.7158, 0.3291, 0.6099, 0.4559, 0.5484, 0.4842, 0.6299, 0.5305,
        0.4689, 0.5331, 0.4603, 0.6368, 0.3766, 0.5556, 0.5062, 0.4251, 0.2922,
        0.7214, 0.5831, 0.3231, 0.4884, 0.4201, 0.4179, 0.4861, 0.5418, 0.4595,
        0.5230, 0.5363, 1.0836, 0.7620, 0.6022, 0.6029, 0.3026, 0.5364, 0.4852,
        0.5853, 0.3542, 0.4905, 0.5914, 0.4891, 0.8922, 0.5715, 0.4381, 0.5226,
        0.3420])), ('features.5.num_batches_tracked', tensor(167)), ('features.8.weight', tensor([[[[-1.1255e-01,  1.1348e-02, -7.0667e-03],
          [-5.7862e-02,  2.4608e-02,  2.2270e-02],
          [-1.2610e-04,  3.9750e-02, -3.2779e-02]],

         [[ 4.3467e-02, -4.2717e-02, -5.4850e-02],
          [ 4.1856e-02, -1.4444e-01,  6.9449e-02],
          [ 1.1786e-01, -2.6089e-02,  7.0818e-02]],

         [[ 7.6052e-02, -4.5240e-02, -1.6098e-01],
          [-6.3215e-03,  4.0262e-02,  2.3645e-02],
          [-3.6559e-02,  3.5972e-02, -1.1573e-02]],

         ...,

         [[ 2.5253e-02, -1.0534e-01,  8.7910e-02],
          [-8.1448e-03, -2.4685e-02, -4.2722e-02],
          [-4.3601e-02, -1.8762e-01, -3.7039e-02]],

         [[ 2.2996e-02, -1.0110e-02,  5.8386e-02],
          [ 3.5420e-02, -4.9562e-02,  2.2022e-02],
          [-5.6447e-03,  1.3992e-02, -4.1250e-02]],

         [[ 4.8219e-02,  3.4909e-02, -2.9186e-02],
          [-3.8111e-02, -2.7371e-02,  1.0107e-01],
          [ 6.1984e-02, -4.2367e-04,  1.8819e-02]]],


        [[[ 7.1209e-02, -2.8516e-03, -2.6043e-02],
          [ 7.1311e-02, -6.1544e-02,  5.1549e-02],
          [-9.2780e-02, -7.4437e-02,  3.6758e-02]],

         [[-7.3259e-02,  2.1046e-02, -7.1868e-02],
          [-1.1946e-02, -2.0161e-02, -6.8830e-02],
          [ 2.8824e-03, -7.0096e-02,  5.7039e-02]],

         [[-3.3103e-02,  1.0134e-02, -6.2012e-03],
          [ 3.8954e-02, -4.2527e-03,  1.3878e-02],
          [-5.3835e-02,  6.2141e-02, -4.6827e-02]],

         ...,

         [[ 6.2523e-02, -1.3104e-01,  2.0059e-02],
          [-1.5732e-02, -3.7685e-03, -4.3359e-02],
          [ 8.3165e-02, -8.4780e-02, -1.4651e-01]],

         [[-2.0439e-03,  2.2877e-02,  3.1006e-02],
          [ 2.3374e-02,  1.8851e-02, -1.4638e-02],
          [ 8.7130e-02, -5.1104e-02,  2.5252e-02]],

         [[-2.5337e-02, -3.5794e-02, -4.6173e-02],
          [-3.4868e-02, -4.6058e-03,  1.7579e-02],
          [-1.1242e-01,  1.7450e-02, -1.3813e-02]]],


        [[[ 8.3046e-02,  4.1214e-02,  2.8656e-02],
          [-1.4208e-01,  6.1818e-03, -3.7364e-02],
          [ 6.5331e-02, -3.7149e-02,  7.8986e-02]],

         [[-1.1565e-02,  1.1362e-02,  4.5287e-02],
          [-6.0951e-02,  3.9247e-03,  5.3680e-03],
          [-8.0536e-02,  6.0895e-03,  2.0070e-02]],

         [[-1.0617e-02,  3.2653e-02,  1.7132e-02],
          [ 6.5022e-02,  1.0572e-01, -3.2434e-02],
          [ 3.2413e-03,  8.4010e-02,  6.6158e-02]],

         ...,

         [[-5.7482e-02, -5.7884e-04,  1.8048e-02],
          [ 6.0941e-02,  7.0304e-02,  5.5114e-02],
          [ 3.7762e-02, -3.1925e-02, -9.4301e-02]],

         [[-1.7963e-01,  3.8608e-02,  7.9646e-02],
          [ 1.2991e-03, -5.0389e-02, -4.0363e-02],
          [ 1.9100e-02,  3.3694e-02, -7.7979e-02]],

         [[ 6.2951e-02, -1.3806e-02,  6.9491e-02],
          [-1.8475e-02,  4.3411e-02, -1.8084e-02],
          [-1.1654e-02,  6.9206e-02, -1.0434e-01]]],


        ...,


        [[[-2.3214e-02, -3.8782e-02, -3.8896e-02],
          [ 5.8227e-02, -6.3252e-02, -1.0443e-01],
          [-3.3634e-02, -7.9160e-02, -8.1340e-02]],

         [[ 3.0263e-02, -1.5989e-02,  6.4684e-02],
          [-3.8187e-02,  1.5483e-02,  6.7018e-02],
          [ 2.8191e-02,  4.5012e-02, -1.0621e-01]],

         [[ 6.0531e-03, -2.3077e-02,  7.6218e-02],
          [ 2.8479e-03, -1.5325e-04,  4.8547e-02],
          [-3.9253e-02, -7.0670e-02,  1.6307e-02]],

         ...,

         [[-6.1120e-02, -6.7417e-03, -8.1236e-02],
          [-2.6659e-02, -7.0060e-02,  1.3109e-02],
          [-1.1657e-01,  4.7663e-02, -1.6184e-02]],

         [[ 6.2078e-02,  7.4670e-02,  2.6995e-02],
          [ 1.9564e-02, -6.3447e-02, -1.0983e-02],
          [ 9.8771e-02, -2.0139e-02,  6.8838e-02]],

         [[-7.1730e-02,  3.0866e-02, -2.9247e-02],
          [ 1.6509e-02,  3.1397e-02,  5.7515e-02],
          [-7.5002e-02, -8.3524e-02, -8.3487e-02]]],


        [[[ 7.5066e-04,  8.2810e-02, -4.2277e-02],
          [ 2.8517e-02,  3.6423e-02, -5.8180e-04],
          [ 5.5238e-03, -2.1322e-02, -5.8218e-02]],

         [[-1.1859e-01, -5.1610e-02,  4.8611e-02],
          [ 5.0424e-03,  8.9124e-02,  2.9257e-02],
          [ 4.9289e-02, -2.2146e-02,  6.3550e-02]],

         [[-7.4553e-02,  1.6872e-02, -5.9772e-02],
          [-3.3089e-02, -6.0587e-03,  4.2258e-02],
          [ 7.8766e-02,  9.9970e-03,  2.5864e-02]],

         ...,

         [[-3.9720e-02,  3.2531e-04, -2.3810e-02],
          [ 9.8223e-03, -3.0630e-02, -5.5018e-03],
          [-3.6528e-03,  6.5908e-02,  4.3855e-02]],

         [[ 1.4467e-02, -2.0737e-02, -5.4396e-02],
          [ 1.9234e-02, -3.7494e-02,  4.1516e-02],
          [ 6.8222e-03,  7.2330e-02,  1.3009e-02]],

         [[-4.9593e-02, -1.6058e-02,  1.2748e-02],
          [-6.6276e-02,  1.8301e-02, -7.0473e-02],
          [ 1.6040e-02, -2.8410e-02, -3.6788e-02]]],


        [[[ 5.6642e-02,  5.3373e-02, -4.4751e-03],
          [-3.3443e-02,  2.7129e-03,  1.0588e-02],
          [ 4.5771e-02, -1.5732e-01, -4.1092e-02]],

         [[ 8.1594e-02,  1.9304e-02, -3.3764e-02],
          [-9.7765e-03, -7.9149e-02,  8.5458e-02],
          [ 1.2586e-03, -5.5917e-03,  5.7609e-02]],

         [[-5.9946e-02, -1.6980e-02,  2.0944e-02],
          [-5.5106e-02,  7.6507e-02, -9.5633e-02],
          [-6.3026e-03,  6.2358e-02,  1.9176e-02]],

         ...,

         [[ 8.0612e-02, -9.2115e-02,  4.1643e-02],
          [ 5.9811e-02, -3.8956e-02,  6.7955e-02],
          [ 7.0617e-02,  3.4979e-02, -7.2568e-02]],

         [[ 8.9672e-03, -5.2843e-02, -8.1557e-02],
          [-9.6677e-02, -3.4073e-02, -1.3902e-02],
          [-7.2928e-02, -9.3681e-02, -6.4231e-02]],

         [[-3.0430e-02,  1.0256e-01, -6.1896e-02],
          [-1.2408e-02,  3.1446e-02, -1.4462e-02],
          [-2.3073e-02,  7.6222e-02, -2.0199e-02]]]])), ('features.8.bias', tensor([ 1.5579e-09, -3.6681e-10,  1.1658e-09,  4.5548e-10, -1.1576e-09,
         3.3803e-10,  5.3892e-10,  8.6580e-10, -2.2541e-10,  1.4632e-09,
         3.1488e-10,  2.8795e-10, -2.1996e-09, -1.0491e-09,  3.3893e-10,
         1.4869e-09,  1.2444e-10, -1.3062e-09, -9.2815e-10, -5.1237e-10,
         1.4324e-09, -4.2812e-10,  3.4848e-10,  3.5138e-10, -6.1219e-10,
        -1.0413e-09, -7.4321e-10, -9.0833e-12,  7.3647e-10, -9.4445e-10,
         6.3653e-10,  2.6374e-10,  4.2640e-10,  1.0806e-09,  1.2773e-09,
        -3.4844e-10,  1.3425e-10, -3.7869e-10,  1.4522e-09,  2.8979e-10,
        -6.2226e-10,  7.4088e-10,  7.4457e-11, -2.0362e-10,  1.4767e-11,
         8.7842e-10,  1.9574e-10,  1.5864e-10, -9.5685e-10,  3.1624e-10,
        -1.1908e-10,  6.3052e-10, -4.9024e-10,  2.6907e-10,  5.8512e-10,
         1.4686e-09,  1.2239e-10, -8.3843e-10, -2.1328e-10, -9.4870e-10,
         3.5401e-10,  6.0892e-10,  1.0621e-09,  9.7943e-10])), ('features.9.weight', tensor([1.0061, 0.9948, 1.0035, 1.0071, 1.0072, 1.0078, 1.0026, 0.9943, 1.0169,
        1.0001, 1.0099, 1.0005, 0.9992, 1.0055, 1.0051, 1.0086, 1.0058, 1.0092,
        1.0014, 1.0150, 1.0188, 1.0190, 0.9989, 1.0159, 0.9935, 1.0013, 1.0142,
        1.0002, 1.0024, 1.0106, 1.0046, 1.0070, 1.0070, 1.0000, 1.0035, 0.9994,
        1.0056, 1.0024, 1.0224, 1.0060, 1.0015, 1.0001, 1.0101, 0.9991, 1.0048,
        1.0040, 1.0088, 0.9925, 1.0007, 0.9969, 1.0013, 0.9982, 1.0026, 1.0044,
        1.0123, 1.0036, 0.9959, 0.9981, 1.0005, 1.0123, 1.0089, 1.0024, 1.0002,
        1.0017])), ('features.9.bias', tensor([ 5.8691e-03, -6.6586e-03, -1.5015e-03, -7.7042e-04,  2.4740e-03,
        -1.2981e-03, -2.7179e-03, -9.2629e-03,  8.4681e-03, -4.6930e-03,
         2.8521e-03, -7.7689e-03, -1.0730e-03,  2.7656e-03, -3.0881e-03,
         2.1963e-03,  1.3422e-03, -2.3048e-03, -2.1925e-03,  5.0675e-03,
         7.6390e-03,  5.9710e-03, -4.6377e-03,  9.0169e-04, -6.0725e-03,
        -1.2988e-03,  2.4210e-05, -3.0016e-03, -2.9871e-03,  2.6960e-03,
         4.7126e-04, -1.1649e-03,  1.0122e-02, -5.4706e-03, -2.4265e-03,
        -1.9709e-03, -3.1859e-03, -7.0891e-03,  7.6176e-03, -2.1480e-03,
        -9.4254e-04, -7.2314e-03,  3.5349e-03, -1.7222e-03, -1.4832e-03,
        -4.0516e-03,  5.9071e-03, -8.2419e-03, -1.7706e-03, -5.4156e-04,
        -2.9021e-03, -4.9277e-03,  2.4893e-03, -4.0497e-03,  2.2520e-03,
         5.5703e-04, -8.1503e-03, -5.1467e-03, -6.4964e-03, -1.6666e-03,
        -1.3071e-03, -3.0615e-04, -2.6915e-03, -4.1397e-03])), ('features.9.running_mean', tensor([-0.6657,  0.1104,  1.1041, -1.9517, -0.1069, -0.4249,  0.4357, -0.7158,
         0.6006, -1.9754,  0.6036, -0.0499, -0.4248,  1.0900,  0.3250, -0.5708,
        -0.6663, -1.3880, -1.5857, -1.1156, -0.7366, -0.9596, -0.4211,  0.2845,
         1.6304, -0.7895, -0.9209,  0.7624, -0.5732, -1.2648,  0.9108,  0.0125,
         0.6967, -0.5570, -0.6126,  0.7924, -0.2354, -0.3639, -0.4975, -0.5025,
         0.1885, -0.5486,  1.6266,  0.0188,  0.3446, -0.2668, -0.3624,  1.3125,
        -0.6328,  0.4945,  1.3173, -2.0171,  0.3187, -1.6298,  0.0421,  0.7619,
         0.4452, -0.6618,  0.8860, -1.0224, -0.4595, -1.4476,  1.0550, -0.7757])), ('features.9.running_var', tensor([1.1827, 0.9379, 0.8537, 1.5069, 1.2822, 0.9556, 1.0902, 1.1214, 1.0320,
        0.8269, 0.9408, 1.0659, 0.6853, 1.1622, 0.9739, 1.1569, 1.4579, 1.1810,
        1.1069, 1.1094, 1.4630, 1.8717, 1.1084, 0.7689, 1.5255, 0.9149, 1.3113,
        1.0610, 1.4791, 1.2762, 0.9728, 1.3336, 1.1035, 0.8861, 1.0458, 0.7570,
        0.8336, 1.0430, 1.4206, 1.1280, 0.8763, 1.0163, 0.9628, 0.7861, 1.2389,
        0.7441, 1.0193, 1.3396, 1.1263, 1.2096, 1.0868, 1.2435, 0.8569, 1.2445,
        0.9982, 0.9235, 1.1700, 0.5678, 0.8834, 1.0139, 1.5095, 1.1402, 0.8457,
        1.2072])), ('features.9.num_batches_tracked', tensor(167)), ('denses.0.weight', tensor([[ 0.0187,  0.0093,  0.0067,  ..., -0.0110, -0.0092,  0.0136],
        [ 0.0044, -0.0075,  0.0011,  ..., -0.0030,  0.0107,  0.0016],
        [ 0.0036, -0.0018,  0.0066,  ..., -0.0020, -0.0130,  0.0048],
        ...,
        [ 0.0097,  0.0081, -0.0056,  ..., -0.0031,  0.0243, -0.0054],
        [-0.0064,  0.0026, -0.0005,  ...,  0.0049,  0.0088, -0.0072],
        [-0.0011,  0.0210,  0.0023,  ..., -0.0051, -0.0080,  0.0068]])), ('denses.0.bias', tensor([ 8.0061e-04,  4.5962e-05,  1.0200e-03, -2.5650e-04, -5.6004e-04,
         1.2969e-04, -6.4946e-05,  1.1046e-03,  8.2218e-04,  1.1998e-04,
         3.0673e-04, -1.2681e-03, -5.8429e-04, -4.6598e-05, -7.9988e-04,
         2.3130e-05, -1.9431e-03, -5.4278e-04, -4.4000e-04,  2.3598e-05,
        -7.2383e-05, -5.2324e-04, -5.8366e-04,  7.7549e-04,  7.3572e-04,
        -8.2256e-05,  1.9254e-03,  1.0270e-03,  7.5694e-04, -3.7654e-04,
         1.8153e-03,  7.8072e-05,  8.5295e-04,  9.3960e-04, -5.6159e-04,
        -4.3536e-04, -8.8339e-04, -1.1524e-03,  2.7628e-04, -1.0425e-03,
         2.0001e-04, -2.1284e-05, -7.6032e-04, -1.2588e-03,  5.8300e-04,
        -9.6191e-04, -5.8792e-04,  4.5955e-04,  6.3618e-04, -5.2537e-05,
         4.5743e-04, -4.7252e-04,  2.9272e-05,  9.1311e-04, -1.7236e-03,
         2.0377e-03,  7.1934e-04,  4.6009e-04,  3.8583e-04,  8.4024e-04,
         1.3526e-04,  4.1891e-04,  1.3940e-04,  8.0413e-04, -1.4614e-04,
         8.4202e-04,  4.0443e-04,  2.8913e-04, -6.9433e-04, -4.3998e-04,
        -3.7981e-05, -9.6355e-04, -1.4493e-03, -1.4710e-04,  4.1940e-04,
        -3.6752e-04,  4.9617e-04,  6.6851e-04, -1.4171e-04, -1.3806e-04,
         1.5441e-03, -7.4550e-05, -1.0457e-03, -4.5115e-04, -7.4347e-05,
         2.8009e-04,  2.4456e-04,  6.7495e-04, -1.1107e-03,  1.9535e-03,
        -2.1243e-03, -2.1589e-04,  1.0855e-03,  5.5953e-04,  7.3167e-04,
         2.5336e-04,  6.3513e-04, -6.3644e-04, -1.1213e-04, -4.8832e-04,
         2.8825e-04, -1.0821e-04, -1.9340e-04,  8.3394e-04,  5.2546e-04,
         1.1509e-03, -5.8179e-04, -1.6591e-03,  5.3370e-04, -1.0631e-03,
        -1.2945e-03,  2.7884e-04, -1.3479e-04,  1.1134e-04, -3.6595e-04,
        -1.0033e-03,  2.1038e-04, -9.6785e-05, -6.0195e-04,  8.3710e-05,
         7.9900e-05,  7.6239e-04, -9.6622e-04,  4.1682e-04, -9.1942e-04,
         8.0738e-04,  4.6503e-04,  7.1230e-05])), ('denses.1.weight', tensor([[-0.0048,  0.0227, -0.0169,  ..., -0.0568, -0.0151,  0.0408],
        [-0.0937, -0.0392, -0.0800,  ...,  0.0082, -0.0230, -0.0141],
        [ 0.0095,  0.0079,  0.0325,  ..., -0.0436,  0.0106,  0.0364],
        ...,
        [ 0.0674,  0.0417,  0.0546,  ..., -0.0173,  0.0140, -0.0079],
        [-0.0216, -0.0569, -0.0539,  ..., -0.0278, -0.0176, -0.0229],
        [-0.0415, -0.0195, -0.0172,  ...,  0.0296,  0.0412, -0.1053]])), ('denses.1.bias', tensor([-0.0286, -0.0088,  0.0218,  0.0319,  0.0114, -0.0045, -0.0140,  0.0160,
        -0.0275,  0.0023]))])